OTU_ID	Cef2dayrec21	Cef2dayrec22	Cef2dayrec23	Cef2dayrec25	Cef2dayrec26	Cef2dayrec28	Cef6wkrec13	Cef6wkrec14	Cef6wkrec15	Cef6wkrec16	Cef6wkrec17	Cef6wkrec18	Cef6wkrec19	Cef6wkrec20	NoAbx29	NoAbx31	NoAbx32	NoAbx33	NoAbx34	NoAbx35	NoAbx36	NoAbx6wkrec37	NoAbx6wkrec38	NoAbx6wkrec39	NoAbx6wkrec40	NoAbx6wkrec41	NoAbx6wkrec42	NoAbx6wkrec43	NoAbx6wkrec44
182744	0	0	0	0	0	0	0	0	0	0	0	0	0	0	0	0	0	0	1	0	0	0	0	0	0	0	0	0	0
321251	0	0	0	0	0	0	0	0	0	0	1	0	0	0	0	0	0	0	0	0	0	0	0	0	0	0	0	1	0
4424327	0	0	0	0	0	0	0	0	0	0	0	0	0	0	0	0	0	1	0	0	0	0	2	1	1	0	3	0	0
4356342	0	0	0	0	0	0	0	0	0	0	0	0	0	0	0	0	0	0	0	0	0	0	0	0	0	0	0	1	0
258522	0	0	0	0	0	0	1	0	8	3	0	1	1	1	1	0	0	2	0	6	0	0	1	0	1	0	0	2	0
344158	0	0	0	0	0	0	0	0	0	0	1	0	0	0	0	0	0	0	0	0	0	0	0	0	0	0	0	0	0
4306262	0	0	0	0	0	0	0	0	0	0	0	0	0	0	0	1	0	0	0	0	0	0	0	0	0	0	0	0	0
262104	0	0	0	0	0	0	0	0	0	0	0	0	0	0	0	0	0	1	0	0	0	0	0	1	2	0	0	0	0
264657	0	0	0	0	0	0	1	0	0	0	0	0	0	0	1	0	1	0	2	0	2	0	0	0	2	0	0	1	2
330296	0	0	0	0	0	0	0	2	4	3	2	3	5	5	0	2	2	0	0	0	0	1	0	0	0	0	0	0	0
193358	0	0	0	0	0	0	0	0	0	0	0	0	0	0	0	0	0	0	1	0	0	0	0	0	0	0	0	0	0
181348	0	0	0	0	0	0	0	0	0	0	0	0	0	0	0	0	0	1	0	0	0	0	0	0	1	0	0	0	3
2978122	0	0	0	0	0	0	0	1	0	0	0	0	0	0	0	0	0	0	0	0	0	0	0	0	0	0	0	0	0
772010	0	0	0	0	0	0	0	0	1	1	0	0	1	0	0	0	0	0	0	0	0	0	0	0	1	1	0	0	0
338348	0	0	0	0	0	0	0	1	0	0	0	0	0	0	0	0	0	0	0	0	0	0	0	0	0	0	0	0	0
265940	0	0	0	0	0	0	0	2	1	0	0	0	1	1	0	0	2	0	1	0	0	0	0	0	1	0	0	0	0
260529	0	0	0	0	0	0	0	0	0	0	0	0	0	0	0	0	0	0	0	0	0	0	1	0	0	0	0	0	1
190114	0	0	0	0	0	0	0	0	0	0	0	0	0	0	0	0	3	1	2	2	2	0	4	1	2	0	5	1	3
190112	0	0	0	0	0	0	0	0	0	0	0	0	0	0	0	0	0	0	0	0	0	0	0	0	1	0	0	0	0
264646	0	0	0	0	0	0	1	0	0	0	0	0	0	0	1	0	0	0	0	1	0	1	0	0	0	0	0	1	1
129394	0	0	0	0	0	0	0	0	0	0	2	0	0	0	0	0	1	0	0	0	1	0	0	1	0	0	1	1	0
189476	0	0	0	0	0	0	0	0	0	1	0	0	0	0	0	0	0	0	0	0	0	0	0	0	0	0	0	0	0
271162	0	0	0	0	0	0	5	0	0	0	0	3	1	0	4	0	0	1	0	4	0	0	1	0	1	0	1	0	0
264225	0	0	0	0	0	0	2	1	2	0	1	0	0	0	0	0	0	0	0	0	0	0	0	1	0	0	0	0	0
180800	0	0	0	0	0	0	0	0	0	0	3	8	0	0	0	0	0	0	11	0	1	0	0	0	0	0	0	1	0
175613	0	0	0	0	0	0	0	0	0	0	0	0	0	0	0	1	0	3	0	0	0	0	0	1	3	2	4	0	0
230933	0	0	0	0	0	0	1	0	0	0	0	0	0	0	0	1	0	1	0	2	3	1	0	2	1	1	1	3	4
311174	0	0	0	0	0	0	3	11	3	5	0	4	0	11	0	1	1	3	0	0	1	0	1	2	2	1	2	0	7
307608	0	0	0	0	0	0	1	0	0	0	0	0	0	0	0	0	0	0	1	0	0	0	0	0	0	0	2	0	0
275123	0	0	0	0	0	0	1	0	0	0	0	0	0	0	0	0	0	0	0	0	0	0	2	0	2	0	0	0	1
1111580	0	0	0	0	0	0	1	0	1	3	1	0	2	3	3	2	5	0	10	2	8	7	9	8	5	0	11	0	11
262527	0	0	0	0	0	0	0	0	0	0	0	0	0	0	0	0	0	0	0	0	0	1	0	0	0	0	0	0	0
272834	0	0	0	0	0	0	8	6	1	3	18	15	5	2	4	1	2	3	6	4	8	7	7	10	4	0	2	7	5
4464787	0	0	0	0	0	0	0	0	0	0	0	0	0	0	0	0	1	4	6	3	0	4	0	2	2	4	2	6	1
261519	0	0	0	0	0	0	0	0	0	0	0	0	0	0	0	0	1	0	0	0	0	0	0	0	0	0	0	0	0
271689	0	0	0	0	0	0	1	5	0	0	0	2	2	3	0	0	0	1	0	0	0	0	0	0	1	0	0	1	0
260454	0	0	0	0	0	0	0	0	0	0	0	0	0	0	0	0	0	0	0	0	0	0	0	0	2	0	1	0	0
3265889	0	0	0	0	0	0	2	10	0	1	0	0	0	0	9	7	0	0	1	8	2	0	0	0	0	0	2	0	0
4365109	0	0	0	0	0	0	0	0	0	0	0	0	0	0	0	0	0	3	8	0	0	0	0	0	0	0	0	0	0
352799	0	0	0	0	0	0	0	0	0	0	0	0	0	0	0	0	0	0	0	0	0	0	0	0	0	1	0	0	0
178490	0	0	0	0	0	0	1	0	0	0	0	0	0	0	0	2	0	0	1	2	0	2	0	0	0	0	1	0	0
276996	0	0	0	0	0	0	0	0	0	0	0	0	0	0	0	0	0	0	0	0	0	0	0	0	0	0	0	1	0
189840	0	0	0	0	0	0	3	8	16	10	0	3	2	1	0	0	1	1	0	1	0	0	0	0	1	1	2	2	1
182893	0	0	0	0	0	0	0	0	0	0	0	0	0	0	2	0	1	0	0	2	1	0	0	0	0	0	1	1	0
273533	0	0	0	0	0	0	0	0	0	0	0	0	0	0	0	0	0	0	0	0	0	0	0	0	0	0	0	1	0
174260	1	0	0	0	0	0	1	5	6	2	0	0	1	2	0	0	1	1	2	1	0	2	1	2	2	1	2	1	2
178735	0	0	0	0	0	0	0	0	0	0	0	0	0	0	1	0	0	0	0	0	0	0	0	0	0	0	0	0	0
199307	0	0	0	0	0	0	0	0	0	1	1	0	0	0	3	0	1	4	1	2	2	1	0	5	2	3	2	0	1
260679	0	0	0	0	0	0	0	0	0	0	0	0	0	0	0	0	0	0	0	0	0	0	0	0	1	0	0	0	0
4459184	0	0	0	0	0	0	0	0	0	0	0	0	0	0	1	0	0	3	0	0	1	0	0	0	0	0	0	0	1
258747	0	0	0	0	0	0	0	4	0	0	0	0	0	0	0	0	0	0	0	0	0	1	0	0	0	1	0	0	2
192283	0	0	0	0	0	0	2	0	0	0	0	0	0	0	7	3	5	2	1	2	2	3	2	1	3	1	3	2	3
190971	0	0	0	0	0	0	12	3	11	5	14	8	20	29	11	2	2	5	9	1	0	8	0	1	0	2	0	0	0
715102	0	0	0	0	0	0	0	0	0	0	0	0	0	0	0	0	0	0	1	0	0	0	0	0	0	0	0	0	0
1624030	0	0	0	0	0	0	0	0	0	0	0	0	0	0	0	0	0	0	1	0	0	0	1	0	0	0	0	0	0
192557	0	0	0	0	0	0	5	0	0	0	1	1	0	0	3	3	2	7	1	3	0	0	0	2	1	1	2	0	3
185917	0	0	0	0	0	0	1	0	0	0	0	1	0	0	0	0	0	0	3	0	0	0	1	1	0	0	0	1	1
343420	0	0	0	0	0	0	1	0	0	0	0	0	1	0	0	0	0	0	0	0	0	0	0	0	0	0	0	0	0
339905	0	0	0	0	0	0	0	0	0	0	0	0	0	0	0	0	0	0	0	0	1	1	0	0	1	0	0	0	0
586453	0	0	0	0	0	0	0	0	0	0	0	0	0	0	0	0	0	0	0	0	0	0	1	0	1	1	0	0	0
110706	1	0	0	0	0	0	0	0	0	0	0	0	0	0	0	0	0	0	0	0	0	0	0	0	0	0	0	0	0
320224	0	0	0	0	0	0	1	0	0	0	0	0	0	0	2	1	1	1	0	0	0	0	0	0	0	0	0	0	0
193064	0	0	0	0	0	0	1	0	0	0	0	2	0	0	1	1	1	0	0	0	0	3	2	1	1	1	1	1	2
14035	0	0	0	0	0	0	0	0	0	0	1	1	1	1	0	0	0	0	0	0	0	0	0	0	0	0	0	0	0
260410	0	0	0	0	0	0	7	0	0	0	0	0	0	0	18	20	18	13	4	24	24	28	23	16	26	24	31	12	12
276542	0	0	0	0	0	0	0	0	0	0	0	0	0	0	0	0	0	0	0	0	0	1	0	0	0	1	0	0	0
261511	0	0	0	0	0	0	0	0	0	0	0	0	0	0	0	0	0	0	0	0	0	0	0	1	0	0	0	0	0
4345268	0	0	0	0	0	0	0	0	0	0	0	0	0	0	0	0	0	0	2	0	0	2	1	1	0	0	0	0	1
261563	0	0	0	0	0	0	0	0	0	0	0	0	0	0	0	0	0	0	0	0	0	0	0	0	0	1	0	0	2
174960	0	0	0	0	0	0	0	0	0	0	0	0	0	0	0	0	0	0	0	0	0	0	0	0	1	0	0	0	0
185222	0	0	0	0	0	0	0	0	0	0	0	0	0	0	0	0	0	1	0	0	0	0	0	0	1	0	0	0	0
270199	0	0	0	0	0	0	0	0	0	0	0	0	0	0	1	0	1	0	0	0	0	0	0	0	0	1	0	0	2
170248	0	0	0	0	0	0	1	0	0	0	1	0	4	4	1	0	0	0	0	0	0	0	0	0	0	0	3	0	0
188785	0	0	0	0	0	0	0	0	0	0	0	0	0	0	1	0	0	0	0	0	0	0	0	0	0	0	0	0	1
1019465	0	0	0	0	0	0	0	0	0	0	0	0	0	0	0	0	0	0	1	0	0	0	0	0	0	0	0	0	0
184966	0	0	0	0	0	0	8	12	9	1	6	0	13	4	1	2	6	0	2	3	0	7	11	0	4	4	0	0	0
217139	0	0	0	0	0	0	5	6	19	27	10	11	18	15	2	4	1	0	8	0	0	0	1	0	2	0	0	7	0
180235	0	0	0	0	0	0	0	0	0	0	0	0	0	0	0	0	0	0	0	0	0	0	0	0	0	0	0	1	0
1845355	0	0	0	0	0	0	0	0	0	0	0	0	0	0	0	0	0	0	0	0	0	0	0	0	1	0	0	0	0
214116	0	0	0	0	0	0	0	0	0	0	1	0	0	0	0	0	0	1	0	2	1	0	1	0	1	0	0	0	0
262724	0	0	0	0	0	0	0	0	0	0	0	0	0	0	0	0	0	1	0	0	0	0	0	1	0	0	0	0	1
313878	0	0	0	0	0	0	0	0	0	0	0	0	0	0	0	0	0	0	0	0	0	0	0	0	0	0	1	0	0
187744	0	0	0	0	0	0	0	0	0	0	0	0	0	0	0	0	0	0	0	1	0	1	0	1	0	0	0	0	0
197600	0	0	0	0	0	0	12	0	3	4	11	8	10	7	4	8	18	10	9	27	5	16	8	4	2	4	15	14	22
1107473	0	0	0	0	0	0	0	0	0	0	0	0	0	0	0	0	0	0	0	0	0	1	0	0	0	0	0	0	0
320912	0	0	0	0	0	0	0	1	0	0	0	0	0	0	0	0	0	0	0	0	0	0	0	0	0	0	0	0	0
1105016	0	0	0	0	0	0	0	0	0	0	0	0	0	0	2	0	0	1	0	0	0	0	0	0	0	1	0	0	0
174819	0	0	0	0	0	0	0	0	0	0	2	1	0	0	0	1	0	2	0	1	0	2	1	2	1	0	2	0	1
268220	0	0	0	0	0	0	0	0	0	0	0	0	0	0	0	0	0	0	0	2	36	4	0	1	1	2	20	1	4
452823	1	0	0	0	0	0	0	0	0	0	0	0	0	0	0	0	0	0	0	0	0	0	0	0	0	0	0	0	0
219151	0	0	0	101	145	0	0	0	0	0	0	0	0	0	0	0	0	0	0	0	0	0	0	0	0	0	0	0	0
275987	0	0	0	0	0	0	0	0	1	4	0	0	0	0	0	0	0	0	0	0	0	0	0	0	0	0	0	0	0
134762	0	0	0	0	0	0	0	0	0	0	0	0	0	0	0	0	0	0	0	0	0	0	1	2	0	0	0	0	0
621700	0	0	0	0	0	0	0	0	0	0	0	0	0	0	0	0	0	0	0	0	0	0	0	1	0	0	0	0	1
210950	0	0	0	0	0	0	2	0	0	0	0	0	0	0	4	4	8	7	8	0	5	5	5	4	3	15	3	9	3
264359	0	0	0	0	0	0	0	0	0	1	1	0	0	0	0	0	0	0	0	0	0	0	0	0	0	1	1	1	0
272905	0	0	0	0	0	0	0	0	0	0	8	14	0	0	0	0	0	3	0	0	0	0	1	0	0	0	0	0	1
171399	0	0	0	0	0	0	0	0	0	0	0	0	0	0	0	2	0	0	0	1	0	0	1	2	0	0	0	1	0
4481359	0	0	0	0	0	0	1	8	14	12	0	0	0	0	0	2	1	1	0	0	0	2	1	0	2	0	1	0	6
179457	0	0	0	0	0	0	0	0	0	0	0	0	0	0	1	1	2	0	0	0	0	0	0	1	1	0	0	0	0
207288	0	0	0	0	0	0	3	0	0	0	0	0	0	0	0	1	0	2	2	1	1	0	3	0	2	4	1	1	4
264586	0	0	0	0	0	0	0	0	0	0	0	0	0	0	0	0	0	0	0	0	0	0	0	0	0	0	0	1	0
267892	0	0	0	0	0	0	1	0	2	0	0	1	0	1	0	0	0	0	0	0	0	0	0	0	0	0	0	0	0
198904	0	0	0	0	0	0	5	13	14	15	0	8	11	9	0	0	0	1	0	2	0	0	0	1	5	1	1	0	0
640998	0	0	0	0	0	0	0	0	0	0	0	0	0	0	0	0	0	0	0	2	0	0	0	0	0	0	0	0	0
314374	0	0	0	0	0	0	0	0	0	0	0	0	0	0	2	0	0	0	2	1	0	0	3	0	0	0	1	1	0
732285	0	0	0	0	0	0	0	0	10	6	12	10	9	6	0	0	0	1	0	0	1	0	2	0	0	0	0	4	0
185723	0	0	0	0	0	0	1	0	0	0	0	0	0	0	2	2	5	7	1	0	3	1	1	0	2	6	1	1	3
356353	0	0	0	0	0	0	0	0	4	3	0	0	6	3	0	1	0	0	1	1	0	0	0	0	0	0	0	0	0
274455	0	0	0	0	0	0	0	2	0	0	1	1	4	2	0	0	0	0	0	0	0	0	0	0	0	0	0	0	0
376862	0	0	0	0	0	0	0	0	0	0	0	0	0	0	0	0	0	0	2	0	0	0	0	0	0	0	0	0	0
3940412	0	0	0	0	0	0	0	1	0	0	0	0	0	1	0	0	0	0	0	0	0	0	0	0	0	0	0	0	0
337407	0	0	0	0	0	0	1	0	0	0	0	0	0	0	0	0	0	0	0	0	0	0	0	0	0	0	0	0	0
273806	0	0	0	0	0	0	0	0	0	0	0	0	0	0	2	0	0	0	0	0	0	0	0	0	0	0	0	0	0
263107	0	0	0	0	0	0	0	0	0	0	0	0	0	0	1	0	0	0	0	0	0	0	0	0	0	0	0	0	0
462727	0	0	0	0	0	0	0	0	0	0	0	0	1	0	0	0	0	0	1	0	0	0	0	0	0	0	0	0	0
344527	0	0	0	0	0	0	0	0	0	0	0	0	0	0	0	0	0	0	0	0	0	0	0	0	0	0	0	0	2
319791	0	0	0	0	0	0	0	0	0	0	0	2	0	1	0	0	0	0	0	0	0	0	0	0	0	0	0	0	0
511475	0	1	0	0	0	0	0	0	0	0	0	0	0	0	0	0	0	0	0	0	0	0	0	0	0	0	0	0	0
398255	0	0	0	0	0	0	0	0	0	0	0	0	0	0	0	0	0	0	0	1	0	0	0	0	0	0	0	0	0
262917	0	0	0	0	0	0	0	0	0	0	4	4	0	0	0	0	0	1	1	0	1	0	0	1	0	2	0	4	2
271822	0	0	0	0	0	0	0	0	0	0	0	0	0	0	1	0	0	1	0	0	0	0	0	0	0	0	0	0	0
298723	0	0	0	0	0	0	0	0	0	0	0	0	0	1	0	0	0	0	0	0	0	0	0	0	0	0	0	0	0
353593	0	0	0	0	0	0	2	3	1	0	0	0	5	4	0	0	0	3	0	0	1	0	0	0	1	0	1	1	1
1101434	0	0	0	0	0	0	1	0	0	0	0	0	0	0	0	0	0	0	0	0	0	0	0	0	0	0	0	0	0
191098	0	0	0	0	0	0	0	0	0	0	0	0	0	0	0	1	0	1	0	0	0	0	0	0	0	0	0	0	0
136604	0	0	0	0	0	0	0	0	0	0	0	0	0	0	0	0	0	1	0	0	0	2	0	0	0	0	1	0	1
4440624	0	0	0	0	0	0	3	12	12	2	0	2	5	5	2	1	4	3	0	2	2	9	1	0	0	1	0	1	0
263203	0	0	0	0	0	0	1	1	0	1	0	0	0	0	0	0	0	0	0	0	0	0	0	0	0	0	0	0	0
311961	0	0	0	0	0	0	0	0	0	0	0	0	0	0	1	0	0	0	0	0	0	0	0	0	0	0	0	0	1
267373	0	0	0	0	0	0	1	20	1	9	6	14	17	16	2	2	1	0	0	0	0	1	1	2	0	3	1	1	0
177952	0	0	0	0	0	0	0	0	0	0	0	0	0	0	0	0	0	0	0	1	0	0	0	0	0	0	0	0	0
346595	0	0	0	0	0	0	7	18	24	6	11	12	24	21	5	4	6	7	16	1	4	5	3	7	5	6	7	17	3
269532	0	0	0	0	0	0	0	0	0	0	0	0	0	0	0	0	0	0	0	0	1	0	0	0	0	1	0	0	1
269107	0	0	0	0	0	0	0	0	0	0	0	0	0	0	0	0	0	0	0	0	0	0	0	1	3	0	1	0	0
192316	0	0	0	0	0	0	0	0	0	0	0	0	0	0	0	0	0	0	0	0	0	0	0	0	1	0	0	0	0
238487	0	0	0	0	0	0	0	0	0	1	1	1	2	1	0	0	1	0	0	3	1	3	1	0	0	0	1	0	1
4401580	0	0	0	0	0	0	0	0	0	0	0	0	0	0	0	0	0	0	0	0	0	0	1	0	0	0	0	0	0
637934	0	0	0	0	0	0	0	0	0	0	0	0	2	0	0	0	0	0	0	0	0	0	0	0	0	0	0	1	0
172464	0	0	0	0	0	1	15	23	8	15	19	7	13	19	3	5	9	9	7	8	8	11	15	15	7	3	6	4	4
265706	0	0	0	0	0	0	0	1	0	0	0	0	0	0	0	0	0	0	0	1	0	0	0	1	1	0	0	0	1
321220	0	0	0	0	0	0	0	0	0	0	1	0	0	0	0	0	0	1	0	0	0	0	0	0	0	0	0	0	0
622013	0	0	0	0	0	0	0	0	0	0	0	0	0	0	0	0	0	0	0	1	0	0	0	0	0	0	0	0	0
196165	0	0	0	0	0	0	1	0	0	0	2	1	0	0	0	3	0	2	2	3	0	5	2	0	3	1	1	0	3
743911	0	0	0	0	0	0	0	0	0	0	0	0	0	0	1	2	4	0	0	4	0	5	4	0	1	0	1	0	0
174853	0	0	0	0	0	0	1	0	0	0	0	0	0	0	1	6	4	3	1	0	7	0	3	8	3	21	14	0	11
195189	0	0	0	0	0	0	0	0	0	0	0	0	0	0	0	0	0	0	0	0	0	0	0	0	0	0	0	0	1
830014	0	0	0	0	0	0	0	0	0	0	0	0	0	0	1	0	0	0	0	0	0	1	0	0	0	0	0	0	0
133719	0	0	0	0	0	0	0	0	0	0	0	0	0	0	0	0	0	0	1	0	0	0	1	0	0	1	1	0	0
827689	0	0	0	0	0	0	0	0	0	0	0	0	0	0	0	0	0	1	0	0	0	0	0	0	0	0	0	0	0
275138	0	0	0	0	0	0	1	0	0	0	0	0	0	0	0	0	0	1	0	0	0	0	1	0	0	0	0	0	0
182595	0	0	0	0	0	0	1	0	0	0	0	0	0	0	2	2	1	0	2	0	4	1	1	0	1	2	2	0	1
4393892	0	0	0	0	0	0	0	0	0	0	0	0	0	0	0	2	0	0	0	0	0	0	0	0	0	1	1	0	0
184318	0	0	0	0	0	0	0	0	3	3	1	3	0	1	0	0	2	0	0	0	0	0	0	0	0	0	0	0	2
230268	0	0	0	0	0	0	1	0	0	0	0	0	0	0	0	1	0	0	0	0	0	0	0	0	0	1	0	1	0
743396	0	0	0	0	0	0	0	0	0	0	0	0	0	0	0	0	1	0	0	0	0	0	0	0	0	0	0	0	0
266192	0	0	0	0	0	0	3	2	2	0	0	3	1	0	0	0	2	1	0	2	0	1	1	0	0	1	1	0	1
110060	0	0	0	0	0	0	0	0	0	0	0	0	0	0	0	0	0	0	0	0	0	0	0	0	1	0	0	0	0
275061	0	0	0	0	0	0	0	0	0	0	0	0	0	0	0	0	2	0	0	0	0	0	0	0	0	0	0	0	1
460611	0	0	0	0	0	0	0	4	0	0	0	0	0	0	0	0	0	0	0	0	0	0	0	0	0	0	0	0	0
266052	0	0	0	0	0	0	0	0	1	0	0	0	0	0	0	0	0	0	0	0	0	0	0	0	0	0	0	0	0
194504	0	0	0	0	0	0	0	0	0	0	0	0	0	0	0	0	1	0	0	0	0	0	0	0	0	0	3	0	0
269078	0	0	0	0	0	0	0	0	0	0	0	0	0	0	0	0	0	0	0	0	0	0	1	2	0	0	0	0	0
1113282	0	0	0	0	0	0	0	0	0	0	0	0	0	0	0	0	0	0	0	0	0	1	1	0	0	0	1	0	0
175193	0	0	0	0	0	0	0	0	1	2	1	2	0	1	0	1	0	0	0	0	0	0	0	0	0	1	0	0	0
272953	0	0	0	0	0	0	0	0	0	0	0	0	0	0	0	0	0	0	0	0	0	0	1	0	0	0	0	0	0
214835	0	0	0	0	0	0	0	0	4	5	0	0	0	0	1	0	1	1	0	1	0	2	0	1	1	0	1	0	0
310877	0	0	0	0	0	0	0	0	0	0	0	0	0	0	0	0	0	0	0	1	0	0	0	0	0	0	0	0	1
168383	0	0	0	0	0	0	0	0	0	0	0	0	0	0	0	1	0	0	1	1	0	0	1	0	0	0	1	0	0
4480555	0	0	0	0	0	0	1	1	2	2	1	0	0	0	2	3	2	0	0	1	0	1	0	1	0	1	1	2	0
311788	0	0	0	0	0	0	0	0	0	0	0	0	0	0	1	0	0	0	1	0	1	0	0	0	0	0	1	0	0
183053	0	0	0	0	0	0	1	0	0	0	0	0	0	0	0	0	0	0	1	0	0	1	2	0	0	0	0	0	1
730939	0	0	0	0	0	0	0	0	0	0	0	0	0	0	0	0	0	0	0	0	1	0	0	1	0	0	0	0	0
4407190	0	0	0	0	0	0	0	0	0	0	0	0	0	0	0	0	1	2	0	0	0	0	0	0	0	1	0	0	0
178959	0	0	0	0	0	0	0	0	0	0	0	0	0	0	0	2	0	0	1	1	1	0	0	0	2	1	1	1	0
266223	0	0	0	0	0	0	2	2	2	0	2	2	7	4	0	1	0	1	1	2	0	0	1	0	0	1	0	2	0
272004	0	0	0	0	0	0	0	0	0	0	11	5	0	0	0	5	0	0	1	1	1	5	1	0	0	2	0	2	0
270758	0	0	0	0	0	0	4	10	1	6	4	2	4	2	3	0	1	0	2	5	0	1	0	0	3	0	0	6	1
333053	0	0	0	0	0	0	0	1	0	0	0	0	0	0	0	0	0	0	0	0	0	0	1	0	0	2	0	0	0
174071	0	0	0	0	0	0	0	0	0	0	0	0	0	0	0	0	0	0	0	0	0	0	0	0	0	1	0	0	0
275947	0	0	0	0	0	0	0	0	0	0	0	0	0	0	0	0	0	0	0	0	0	0	0	0	1	0	0	0	0
263337	0	0	0	0	0	0	3	4	0	0	1	2	3	0	0	1	0	2	1	0	0	2	2	0	0	1	0	0	2
3176547	0	0	0	0	0	0	0	0	1	2	0	0	0	0	0	0	0	0	0	0	0	0	0	0	0	0	0	0	0
268410	0	0	0	0	0	0	0	0	0	0	0	0	0	0	0	0	0	0	1	1	0	0	1	0	0	0	0	0	0
1902400	0	0	0	0	0	0	2	0	0	0	1	2	5	4	0	0	1	0	0	0	0	0	0	1	0	0	0	0	2
164308	0	0	0	0	0	0	2	2	2	0	2	0	19	9	0	0	0	0	0	0	0	0	0	1	0	1	0	0	0
263705	0	0	0	0	0	0	1	0	0	0	0	0	0	0	0	0	0	0	0	0	0	0	0	0	0	0	0	0	0
293754	0	0	0	0	0	0	0	0	0	0	0	0	0	0	0	0	0	0	0	0	0	0	0	0	0	0	0	0	1
261992	0	0	0	0	0	0	0	0	0	0	0	1	1	0	0	1	0	1	1	0	0	0	0	0	0	0	0	0	0
274075	0	0	0	0	0	0	0	0	0	0	1	0	0	0	1	0	0	0	0	0	0	0	0	0	0	0	0	0	0
375106	0	0	0	0	0	0	0	0	0	0	0	0	0	0	0	0	0	0	0	1	0	0	0	0	0	0	0	0	0
197126	0	0	0	0	0	0	0	0	1	0	0	0	0	0	0	0	0	0	0	0	0	0	0	0	0	0	0	0	0
310748	0	0	0	0	0	0	0	0	0	0	0	0	0	0	0	0	0	1	0	0	0	0	0	0	0	0	0	0	0
2286580	0	0	0	0	0	0	0	0	0	0	0	0	0	0	0	0	0	0	0	0	0	2	0	1	1	0	0	1	0
4440970	0	0	0	0	0	0	0	0	0	0	0	0	0	0	0	0	0	0	0	1	0	0	0	0	0	0	0	0	0
196349	0	0	0	0	0	0	1	0	0	0	1	0	0	2	1	2	2	0	0	0	0	0	0	0	0	0	0	4	1
267110	0	0	0	0	0	0	0	0	0	0	0	0	0	0	0	3	1	2	0	0	0	0	2	0	0	2	2	0	1
263415	0	0	0	0	0	0	0	0	0	0	0	0	0	0	0	0	0	0	0	0	0	0	0	0	0	0	0	1	0
2797559	0	0	0	0	0	0	0	0	0	0	0	0	0	0	0	0	0	0	1	0	1	0	0	1	0	0	0	0	0
318503	0	0	0	0	0	0	0	0	0	0	0	0	0	0	0	0	0	0	0	0	0	0	0	0	1	0	0	0	0
171079	0	0	0	0	0	0	1	0	0	0	2	0	3	1	2	0	4	0	0	0	0	1	0	0	1	1	3	1	1
339718	0	0	0	0	0	1	16	13	10	28	31	16	1	0	8	15	7	0	0	0	0	0	4	5	1	3	0	5	0
259477	0	0	0	0	0	0	0	0	0	0	0	0	0	0	1	0	0	0	0	0	0	0	0	0	0	1	0	0	0
337784	0	0	0	0	0	0	0	0	0	0	0	0	0	0	0	0	1	0	0	0	0	0	0	0	0	0	0	1	0
189147	0	0	0	0	0	0	0	0	0	0	7	6	0	0	0	0	0	0	0	0	0	0	0	0	0	0	0	0	0
330772	0	0	0	0	0	0	3	0	0	0	0	0	0	0	7	7	5	1	5	0	1	2	4	1	4	2	2	4	2
168984	0	0	0	0	0	0	0	0	1	0	0	0	0	0	0	0	0	0	0	0	0	0	0	0	0	0	0	0	0
263895	0	0	0	0	0	0	6	0	0	0	0	0	0	0	3	2	4	6	5	0	3	4	5	6	6	3	5	0	5
2883968	0	0	0	0	0	0	0	0	0	0	0	0	0	0	0	0	0	0	0	0	0	0	0	1	0	0	0	0	0
179037	0	0	0	0	0	0	0	0	0	0	0	0	0	0	0	0	0	0	0	0	0	1	0	0	0	0	0	0	0
187359	0	0	0	0	0	0	0	0	0	0	0	0	0	0	0	0	0	4	0	0	0	0	3	0	0	0	0	0	2
279492	0	0	0	0	0	0	0	0	0	0	1	0	0	0	2	0	1	0	1	0	1	0	0	0	0	0	0	0	0
173892	0	0	0	0	0	0	0	1	3	1	2	4	0	7	4	0	4	5	1	1	2	3	1	0	0	1	0	1	1
185974	0	0	0	0	0	0	0	0	0	0	0	0	0	0	0	0	0	0	0	0	0	0	0	0	0	2	0	0	0
4448052	0	0	0	0	0	0	0	2	0	0	0	0	0	0	0	0	0	0	0	0	2	1	0	0	0	3	1	1	1
214471	0	0	0	0	0	0	0	0	0	0	0	0	0	0	3	1	2	0	2	1	0	3	0	2	1	0	0	0	0
1510067	0	0	0	0	0	0	0	1	5	2	0	1	0	4	0	0	0	0	0	0	0	1	0	1	0	0	0	0	0
4425214	0	1	0	0	0	0	0	0	0	0	0	0	0	0	0	0	0	0	0	0	0	0	0	0	0	0	0	0	0
179192	0	0	0	0	0	0	0	0	0	0	0	0	0	0	0	0	0	0	0	0	0	0	0	0	1	0	0	0	0
346267	0	0	0	0	0	0	0	0	0	0	0	0	0	0	2	0	1	4	1	2	0	0	0	0	0	0	1	1	0
779847	0	0	0	0	0	0	0	4	0	0	1	13	1	2	1	1	0	3	4	0	1	0	0	0	0	2	0	1	0
183231	0	0	0	0	0	0	0	0	0	0	0	0	0	0	0	0	0	0	0	0	0	1	0	0	0	0	0	0	0
312145	0	0	0	0	0	0	1	0	0	0	1	2	0	0	0	0	1	0	0	1	1	0	1	1	0	0	0	0	0
180879	0	0	0	0	0	1	0	0	0	1	0	0	0	0	0	0	1	1	0	0	0	1	0	0	2	3	5	2	3
185125	0	0	0	0	0	0	1	0	0	1	0	1	0	0	0	0	0	0	1	0	0	0	0	0	0	0	0	0	0
306545	0	0	0	0	0	0	0	0	0	0	0	0	0	0	0	0	0	0	1	0	0	0	0	0	0	0	1	0	0
177205	0	0	0	0	0	0	0	0	0	0	0	0	0	0	0	0	0	0	0	0	0	0	0	0	0	0	1	0	0
1571092	0	0	0	0	0	0	0	0	0	0	0	0	0	0	1	0	0	0	2	0	2	0	0	0	0	0	0	10	2
186555	0	0	0	0	0	0	0	0	0	0	0	0	0	0	0	0	0	0	0	0	0	0	0	0	0	1	0	0	0
311545	0	0	0	0	0	0	0	0	0	0	0	0	0	0	0	0	0	0	0	0	0	1	0	0	0	0	0	0	0
259154	0	0	0	0	0	0	0	0	0	0	0	0	0	0	0	0	0	0	1	1	0	0	0	0	0	0	0	0	0
266061	0	0	0	0	0	0	0	0	0	0	0	0	0	0	0	0	0	1	1	0	1	2	1	3	0	4	0	0	0
195402	0	0	0	0	0	0	1	0	0	0	0	0	0	0	0	6	4	1	1	0	1	0	3	2	1	0	2	1	1
261010	0	0	0	0	0	0	0	0	0	0	0	0	1	0	1	0	0	0	0	1	0	0	0	0	0	0	0	1	0
771177	0	0	0	0	0	0	0	0	0	0	1	0	2	0	1	0	1	0	0	0	0	0	0	0	0	0	0	0	0
197706	0	0	0	0	0	0	0	0	0	1	0	0	0	0	1	0	0	0	0	0	0	0	0	0	0	0	0	1	1
4407703	0	0	0	0	0	0	0	0	0	0	0	0	0	1	0	0	0	0	0	0	0	0	0	0	0	0	0	0	0
277200	0	0	0	0	0	0	0	0	0	0	0	0	0	0	0	0	0	0	0	0	0	0	0	0	0	0	0	1	0
175416	0	0	0	0	0	0	0	0	0	0	0	0	0	0	0	1	0	0	1	0	1	0	0	0	0	0	0	0	0
215214	0	0	0	0	0	0	5	0	0	0	0	0	0	0	12	9	7	1	6	5	10	5	4	3	2	4	2	8	10
336810	0	0	0	0	0	0	0	0	0	0	0	0	0	0	0	0	0	0	0	0	0	0	1	0	1	0	0	0	0
277067	0	0	0	0	0	0	0	0	0	0	0	0	0	0	0	0	0	0	1	0	0	0	0	0	0	1	0	0	0
275321	0	0	0	0	0	0	0	0	0	0	0	0	0	0	0	0	0	0	0	0	0	0	1	0	0	0	0	0	0
686281	0	0	0	0	0	0	0	0	0	0	0	0	0	0	0	0	0	1	0	0	0	1	1	2	0	0	1	0	1
344400	0	0	0	0	0	0	0	0	1	0	0	0	1	0	0	1	1	0	0	0	0	0	0	0	0	0	0	0	0
181419	0	0	0	0	0	0	0	0	0	0	0	0	0	0	0	1	0	0	0	0	0	0	1	0	0	0	0	0	0
321952	0	0	0	0	0	0	0	0	0	0	0	0	0	0	1	0	1	0	0	0	1	2	5	0	0	0	1	0	1
194490	0	0	0	0	0	0	17	0	0	0	0	0	0	0	6	18	13	23	25	18	20	44	31	34	14	47	13	17	23
324985	0	0	0	0	0	0	0	0	1	1	0	0	0	0	0	0	0	0	0	1	0	1	0	0	1	0	1	0	0
233817	0	0	0	0	0	0	0	0	0	0	0	0	0	0	0	1	1	0	2	0	0	0	0	0	3	1	0	0	1
258957	0	0	0	0	0	0	0	0	1	0	0	0	0	0	0	0	0	0	0	0	0	0	0	0	0	0	0	1	0
184903	0	0	0	0	0	0	1	0	0	0	0	0	0	0	0	0	0	0	0	0	0	1	0	0	0	0	0	0	0
189778	0	0	0	0	0	0	2	0	0	0	0	0	0	0	3	5	5	1	1	6	6	0	0	2	0	0	3	3	2
668980	0	0	0	0	0	0	0	0	0	2	0	0	2	0	0	1	0	0	0	0	0	0	0	0	0	0	1	0	0
259536	0	0	0	0	0	0	0	0	0	0	0	0	0	0	0	0	0	1	0	0	0	0	0	0	0	0	0	0	0
346804	0	0	0	0	0	0	0	0	0	0	0	0	0	0	1	0	0	1	0	0	0	1	0	0	0	0	0	0	0
258969	0	0	0	0	0	0	0	0	0	0	0	0	0	0	0	0	0	0	0	0	0	0	0	0	2	0	0	0	0
191067	0	0	0	0	0	0	2	0	0	0	0	0	0	0	2	2	1	0	0	1	0	0	1	0	1	0	1	0	0
315684	0	0	0	0	0	0	0	0	0	1	0	0	0	0	0	0	0	0	0	0	0	0	0	0	0	0	0	0	0
305177	0	0	0	0	0	0	0	1	0	0	0	0	1	0	0	0	0	0	0	0	0	0	0	0	0	0	0	0	0
260201	0	0	0	0	0	0	0	0	0	0	0	0	0	0	0	0	0	1	0	0	0	0	0	0	0	0	0	0	0
178480	0	0	0	0	0	0	5	2	0	0	5	4	9	7	0	7	8	14	8	3	0	16	7	10	12	10	2	0	11
328905	0	0	0	0	0	0	0	0	0	0	0	0	0	0	0	0	0	0	0	0	0	0	0	0	0	0	0	0	1
312515	0	0	0	0	0	0	0	0	0	0	0	0	0	0	0	0	0	1	1	0	0	0	0	0	0	0	1	0	0
265063	0	0	0	0	0	0	1	22	28	33	2	8	10	7	3	1	1	1	0	1	0	2	0	7	1	0	0	0	0
38415	0	0	0	0	0	0	0	0	0	0	0	0	0	0	0	0	0	2	0	0	0	0	0	0	0	0	1	0	0
300662	0	0	0	0	0	0	0	0	0	0	0	0	0	0	0	0	0	0	0	0	0	0	0	0	1	0	0	0	0
173852	0	0	0	0	0	0	1	0	0	0	0	0	0	0	0	0	0	4	1	0	0	1	2	0	0	0	1	0	0
1111294	0	0	0	0	0	0	0	0	0	1	0	0	0	0	0	0	0	0	0	0	0	0	0	0	0	0	0	0	0
266508	0	0	0	0	0	0	0	2	0	0	2	1	0	0	0	0	0	1	0	0	0	0	0	0	0	0	0	0	0
270215	0	0	0	0	0	0	0	0	0	0	0	0	0	0	0	0	0	1	0	0	0	0	0	1	0	0	0	0	0
211494	0	0	0	0	0	0	7	0	0	0	0	0	0	0	10	10	8	25	1	3	11	4	7	2	8	8	10	3	3
176798	0	0	0	0	0	0	0	0	0	0	0	0	0	0	0	0	0	0	0	0	0	0	0	1	0	0	0	0	1
168145	0	0	0	0	0	0	0	0	0	0	0	1	0	0	0	0	0	2	0	1	0	0	0	0	1	0	0	1	0
188078	0	0	0	0	0	0	0	0	1	0	0	0	0	0	0	0	0	0	1	0	1	0	0	0	0	0	0	2	0
179547	0	0	0	0	0	0	10	5	10	2	11	8	10	10	3	9	9	10	3	1	2	6	18	13	14	16	5	0	4
317740	0	0	0	0	0	0	0	0	0	2	0	1	0	0	0	0	0	0	1	0	1	0	0	0	0	0	0	2	0
266697	0	0	0	0	0	0	0	0	2	4	1	8	0	1	0	0	0	0	5	0	0	0	0	0	0	0	0	0	0
311031	0	0	0	0	0	0	0	1	0	0	0	0	1	0	0	0	0	0	0	0	0	0	0	0	0	0	0	0	0
198537	0	0	0	0	0	0	0	3	0	0	0	0	0	0	0	0	0	0	0	0	0	0	0	0	0	0	0	0	0
197875	0	0	0	0	0	0	4	9	6	17	21	16	24	28	5	5	7	2	16	6	4	2	9	3	2	9	5	5	2
312476	0	0	0	0	0	0	3	10	4	4	0	1	3	2	2	8	5	3	2	11	0	6	0	3	1	0	5	0	5
272319	0	0	0	0	0	0	0	0	0	0	0	0	0	0	0	0	0	0	0	1	0	0	0	0	0	0	0	0	0
175114	0	0	0	0	0	0	3	5	1	0	1	1	2	1	2	0	0	6	3	4	4	3	1	1	0	1	0	2	0
383971	0	0	0	0	0	0	0	0	0	0	0	0	0	0	0	5	2	6	0	0	0	0	0	0	0	8	4	0	8
190699	0	0	0	0	0	0	0	0	0	1	3	1	0	0	0	1	0	0	0	0	0	0	0	0	0	0	0	0	0
180466	0	0	0	0	0	0	0	0	0	3	0	0	0	0	0	0	0	0	0	0	0	0	0	0	0	0	0	0	0
266343	0	0	0	0	0	0	0	1	0	0	0	1	0	0	0	1	0	0	0	3	0	1	2	0	1	0	0	0	0
267514	0	0	0	0	0	0	0	0	0	0	0	0	0	0	0	0	0	0	1	0	0	0	0	1	0	0	0	0	0
4432841	0	0	0	0	0	0	0	0	0	0	0	0	0	0	0	2	1	0	1	2	0	3	6	3	0	2	1	0	5
353657	0	0	0	0	0	0	1	0	0	0	0	0	0	0	0	0	0	0	0	0	0	0	0	0	0	0	0	0	0
177451	0	0	0	0	0	0	0	0	0	0	0	0	0	0	0	0	1	0	0	0	0	0	0	0	0	0	0	0	0
797021	0	0	0	0	0	0	0	0	0	0	0	1	3	3	0	0	0	0	0	0	0	0	0	0	0	0	0	1	0
274400	0	0	0	0	0	0	0	0	0	0	2	0	0	0	0	1	1	0	0	0	0	0	0	0	1	0	0	0	0
178308	0	0	0	0	0	0	0	0	0	0	1	1	0	0	0	0	0	0	1	0	0	0	0	0	0	0	0	1	0
263933	0	0	0	0	0	0	2	9	10	3	5	7	6	4	0	0	0	4	6	0	0	1	0	2	0	1	2	0	2
205134	0	0	0	0	0	0	3	0	0	0	0	0	0	0	3	4	2	13	2	1	1	0	5	2	3	11	5	4	6
181707	0	0	0	0	0	0	0	0	0	1	0	0	0	0	0	0	0	1	0	0	0	0	0	0	0	0	0	0	0
242917	0	0	0	0	0	0	1	0	0	0	0	0	0	0	0	0	0	0	0	0	0	0	0	0	0	0	0	0	1
317633	0	0	0	0	0	0	0	0	4	9	2	6	3	3	0	4	0	2	1	0	0	2	1	0	3	2	1	1	2
158569	0	0	0	0	0	0	0	1	1	0	0	0	0	0	0	0	0	0	0	0	0	0	0	0	0	0	0	0	0
616624	0	0	0	0	0	0	0	0	0	0	0	0	0	0	0	0	0	0	0	0	0	0	1	0	0	0	0	0	0
676115	0	0	0	0	0	0	0	0	0	0	0	0	0	0	0	0	0	0	0	0	0	0	0	0	1	0	0	0	0
250270	0	0	0	0	0	0	0	0	2	0	1	0	0	0	0	1	0	0	4	0	0	1	0	0	0	0	0	0	1
332608	0	0	0	0	0	0	0	0	0	0	0	0	0	0	0	0	0	0	0	0	0	2	0	0	0	0	0	0	1
335553	0	0	0	0	0	0	0	0	0	0	2	3	0	0	0	0	0	0	1	0	0	0	0	0	0	2	0	2	1
264437	0	0	0	0	0	0	0	0	0	0	0	0	0	0	0	0	0	0	2	0	0	0	0	0	1	0	0	0	0
180405	0	0	0	0	0	0	3	0	0	0	0	0	0	0	13	9	12	5	1	4	9	4	9	11	8	1	6	3	9
175847	0	0	0	0	0	0	0	0	0	0	0	0	0	0	0	0	0	0	1	1	0	0	0	1	1	0	0	0	0
165241	0	0	0	0	0	0	1	0	0	0	2	10	0	0	1	1	3	2	1	0	1	0	0	0	4	0	0	0	0
310751	0	0	0	0	0	0	5	10	5	3	6	4	8	7	4	2	3	4	4	0	2	0	1	5	0	0	4	0	1
183362	0	0	0	0	0	0	0	0	0	0	0	0	0	0	0	0	0	6	1	0	0	0	0	0	0	0	0	0	0
324849	0	0	0	0	0	0	1	0	0	0	0	0	0	0	0	0	0	0	0	0	0	0	0	0	0	1	0	0	0
4355739	0	0	0	0	0	0	0	0	0	0	0	0	0	0	0	0	0	0	0	0	0	1	0	0	0	0	0	0	0
263479	0	0	0	0	0	0	0	0	0	0	0	0	0	0	0	0	0	0	0	0	0	0	0	0	1	0	0	0	0
272454	0	0	0	0	0	0	0	0	0	0	0	0	0	0	0	1	3	0	0	0	0	0	0	0	0	0	0	0	0
186940	0	0	0	0	0	0	3	0	0	0	0	0	0	0	0	0	0	2	0	0	0	2	0	2	2	7	2	0	1
301585	0	0	0	0	0	0	0	0	0	0	0	0	0	0	0	0	0	2	1	0	0	0	1	0	0	0	1	0	0
331491	0	0	0	0	0	0	0	0	0	0	0	0	0	0	0	0	0	0	0	0	0	0	0	1	0	1	0	1	0
261177	0	0	0	0	0	0	0	0	0	0	0	0	0	0	0	1	0	0	0	0	0	0	0	0	0	0	0	0	0
304604	0	0	0	0	0	0	0	0	0	0	0	0	0	0	0	0	0	0	0	0	0	0	0	0	1	0	0	0	1
183893	0	0	0	0	0	0	0	0	0	0	0	4	0	0	0	1	0	0	1	2	1	0	0	1	1	0	2	0	1
3868285	0	0	0	0	0	0	0	0	1	0	0	0	2	2	0	2	0	1	0	0	0	0	0	1	0	0	0	0	0
314963	0	0	0	0	0	0	0	0	1	1	0	0	0	1	0	0	0	0	0	1	0	0	0	0	0	0	1	0	0
185891	0	0	0	0	0	0	0	0	0	0	0	0	0	0	0	1	0	0	1	0	0	0	0	0	0	1	0	0	0
328598	0	0	0	0	0	0	1	2	2	3	1	0	1	0	0	3	0	0	0	0	0	1	0	2	0	0	0	0	0
182323	0	0	0	0	0	0	1	1	3	0	2	0	2	7	1	0	0	1	1	0	0	0	2	0	0	0	0	0	1
260156	0	0	0	0	0	0	1	0	0	0	0	0	0	0	0	0	0	0	0	0	0	0	0	0	0	0	0	0	0
790663	0	0	0	0	0	0	4	15	13	12	7	15	13	11	0	0	0	1	12	0	0	1	0	0	7	2	0	0	4
1108378	0	0	0	0	0	0	1	2	3	2	0	2	2	2	1	0	1	3	3	1	1	2	0	1	2	1	1	0	2
334365	0	0	0	0	0	0	1	0	0	0	0	0	0	0	2	1	0	0	0	0	1	0	3	0	0	0	0	0	0
269125	6	1	4	6	5	2	0	0	1	0	0	0	0	0	1	0	0	0	0	0	0	0	0	0	0	0	0	0	0
336276	1	0	0	0	0	0	1	0	0	0	0	0	0	0	0	0	1	1	0	2	1	1	0	0	1	0	0	0	2
180584	0	0	0	0	0	0	0	0	0	0	0	0	0	0	0	0	0	0	0	0	0	0	0	1	0	0	0	0	0
267388	0	0	0	0	0	0	0	0	0	0	0	0	0	0	0	0	0	0	0	0	0	0	1	0	0	0	0	0	0
266896	0	0	0	0	0	0	0	0	0	0	0	0	0	0	0	0	0	0	0	0	0	0	0	0	0	0	0	0	1
266726	0	0	0	0	0	0	0	0	0	0	0	0	0	0	0	0	0	0	0	0	0	0	0	0	2	0	1	0	0
228043	0	0	0	0	0	0	0	0	0	0	0	0	0	0	0	0	0	0	0	1	0	0	0	3	0	0	0	1	0
322585	0	0	0	0	0	0	0	0	0	0	0	0	0	0	1	0	0	0	2	0	1	1	0	9	1	11	0	0	0
4369131	0	0	0	0	0	0	1	0	0	0	0	0	0	0	0	0	0	0	0	0	0	0	0	0	0	0	0	0	0
346098	0	0	0	0	0	0	1	0	0	0	0	0	0	0	1	0	1	0	1	2	0	1	0	0	1	0	0	0	0
4444771	0	0	0	0	0	0	0	0	0	0	0	0	0	0	0	0	0	1	0	0	0	0	1	0	0	0	0	0	0
337727	0	0	0	0	0	0	0	0	0	0	0	0	0	0	0	1	0	0	0	1	0	1	1	0	0	0	0	0	0
263977	0	0	0	0	0	0	0	0	0	0	0	0	1	0	0	0	0	0	2	0	0	0	0	0	0	0	0	0	0
271255	0	0	0	0	0	0	0	0	0	0	0	0	0	0	0	0	0	0	0	0	0	2	3	0	0	0	0	0	0
189288	0	0	0	0	0	0	0	0	0	0	0	0	0	0	0	0	0	0	0	0	0	0	1	0	0	0	0	0	0
185294	0	0	0	0	0	0	0	0	0	0	0	0	0	0	0	0	0	1	2	0	0	1	0	1	1	0	0	0	2
182033	0	0	0	0	0	0	0	0	0	0	0	0	1	0	0	1	0	2	0	0	0	0	1	0	0	0	0	0	6
799034	0	0	0	0	0	0	0	0	0	0	1	0	0	0	0	1	0	0	0	0	0	0	0	0	1	0	0	0	0
343859	0	0	0	0	0	0	1	1	1	0	2	0	1	0	1	0	0	0	0	0	0	2	0	0	0	1	1	0	0
179059	0	0	0	0	0	0	1	0	0	0	0	0	0	0	1	2	3	0	3	3	0	0	2	0	0	0	4	1	0
276643	0	0	0	0	0	0	0	0	0	0	0	0	0	0	0	0	0	1	0	1	0	0	0	0	0	0	0	0	0
266091	0	0	0	0	0	0	0	0	0	0	0	0	0	0	0	0	0	1	0	0	0	0	0	0	0	0	0	0	0
187233	0	0	0	0	0	0	0	0	0	0	0	0	0	0	2	0	1	0	1	0	0	1	0	0	1	1	0	0	1
266203	0	0	0	0	0	0	8	3	3	18	35	6	0	0	4	3	0	0	0	0	1	1	1	4	0	0	0	0	0
355097	0	0	0	0	0	0	10	26	20	16	15	7	15	25	2	3	5	6	7	3	8	10	12	20	2	0	4	5	4
191274	0	0	0	0	0	0	0	0	0	0	0	0	0	0	0	0	0	0	1	0	0	0	0	0	0	0	0	2	0
305553	0	0	0	0	0	0	0	0	0	0	0	0	6	4	0	0	0	4	1	0	0	0	2	1	0	1	0	0	0
263687	0	0	0	0	0	0	0	0	0	0	0	1	2	0	0	0	0	0	0	0	0	0	0	0	0	0	0	0	0
3750373	0	0	0	0	0	0	0	0	0	0	0	0	0	0	0	1	0	0	0	0	0	0	0	0	0	0	0	0	0
262556	0	0	0	0	0	0	0	0	0	0	0	0	0	0	0	0	0	0	0	1	0	0	0	1	0	0	0	0	0
2978254	0	0	0	0	0	0	0	0	0	0	0	0	0	0	1	2	2	0	1	6	1	0	0	0	0	2	10	2	1
231169	0	0	0	0	0	0	0	0	0	0	0	1	0	0	0	0	0	0	0	0	0	0	0	0	0	0	0	0	0
189190	0	0	0	0	0	0	0	0	0	0	0	0	0	0	0	0	0	0	0	0	0	0	0	0	0	0	1	0	0
263907	0	0	0	0	0	0	0	0	0	0	0	0	0	0	0	1	2	0	0	0	0	0	0	1	0	2	0	0	1
344108	0	0	0	0	0	0	0	0	0	0	0	0	0	0	0	2	0	0	0	0	0	0	0	1	0	0	0	1	0
331013	0	0	0	0	0	0	0	0	0	0	0	0	0	0	0	0	0	1	0	1	0	0	0	0	0	0	0	0	0
171322	0	0	0	0	0	0	0	0	0	0	0	0	0	0	0	0	0	0	1	0	0	0	0	0	0	0	0	0	0
343140	0	0	0	0	0	0	0	0	1	6	19	2	1	4	0	1	0	0	0	0	0	0	1	0	0	0	0	0	0
4390755	0	0	0	0	0	0	0	0	0	0	0	0	0	0	0	0	1	0	1	3	4	0	0	0	0	0	0	1	4
186886	0	0	0	0	0	0	0	0	0	0	0	0	0	0	0	0	3	0	0	0	0	0	0	0	0	0	0	0	0
258641	0	0	0	0	0	0	0	0	0	0	0	0	0	0	0	0	1	0	0	0	0	0	0	0	0	0	0	0	0
372368	0	0	0	0	0	0	0	0	0	0	0	0	0	0	0	0	0	0	0	0	0	0	0	0	1	0	0	0	0
228785	0	0	0	0	0	0	0	0	0	0	0	0	0	0	0	0	0	0	0	0	0	0	0	0	0	1	0	0	0
279107	0	0	0	0	0	0	2	0	3	2	1	3	3	1	1	3	0	0	0	1	2	0	0	1	0	0	1	0	1
194665	0	0	0	0	0	0	0	0	0	0	0	0	0	0	0	0	0	0	1	0	0	0	0	0	0	0	0	0	0
331043	0	0	0	0	0	0	39	0	0	0	0	0	0	0	62	30	29	0	31	36	27	20	37	28	56	0	27	27	29
214919	0	0	0	0	0	0	4	8	2	7	3	8	5	8	1	0	3	1	0	0	0	5	3	1	1	0	0	0	1
186707	0	0	0	0	0	0	0	2	7	8	2	1	1	0	2	0	1	0	0	0	2	1	0	0	2	2	2	0	2
174056	0	0	0	0	0	0	6	0	0	0	0	0	0	0	6	7	9	1	11	14	1	4	2	10	8	6	4	3	5
196533	0	0	0	0	0	0	1	0	1	0	0	0	0	0	1	2	1	0	1	0	1	1	1	0	4	0	1	2	3
166869	0	0	0	0	0	0	0	0	0	0	0	0	1	0	0	1	0	0	0	0	0	0	0	0	0	0	0	0	0
289984	0	0	0	0	0	0	0	0	0	0	0	0	0	0	0	2	0	4	0	1	0	4	1	12	2	11	4	0	4
2897332	0	0	0	0	0	0	0	0	0	0	1	3	0	0	1	0	0	1	0	4	0	0	0	1	0	0	0	0	0
270519	0	0	0	0	0	0	0	0	0	0	0	0	0	0	0	0	1	2	0	0	1	1	0	0	0	1	0	0	0
262331	0	0	0	0	0	0	0	2	2	0	0	1	0	0	0	0	0	0	1	0	0	0	0	0	0	0	0	1	0
187989	0	0	0	0	0	0	0	0	0	0	1	0	1	0	0	0	0	0	0	0	0	0	0	0	0	0	0	0	0
337511	0	0	0	0	0	0	0	0	0	0	0	0	0	0	0	0	0	0	0	0	0	0	0	0	0	0	0	0	1
4476330	0	0	0	0	0	0	1	0	0	0	0	1	0	0	0	0	1	0	0	0	0	2	1	0	0	0	0	0	1
320123	0	0	0	0	0	0	5	0	0	0	0	0	0	0	3	7	11	5	6	6	4	10	7	10	14	10	10	10	7
259912	0	0	0	0	0	0	2	0	3	2	0	0	0	0	1	1	1	0	0	1	0	2	0	1	0	2	2	0	0
653533	0	0	0	0	0	0	0	0	0	0	7	8	2	4	0	0	0	0	0	0	0	0	0	0	0	0	0	0	0
183478	0	0	0	0	0	0	3	0	0	0	0	0	0	0	8	4	5	0	1	4	3	6	2	2	3	3	2	2	7
2120779	0	0	0	0	0	0	0	0	0	0	2	5	0	0	0	3	3	0	0	0	1	0	3	1	0	0	0	0	0
273737	0	0	0	0	0	0	1	4	2	0	1	2	0	1	0	0	1	0	0	4	0	0	0	0	0	0	0	0	0
182016	0	0	0	0	0	0	0	0	0	0	0	0	0	0	0	0	0	0	0	0	0	0	0	0	1	1	0	0	0
268973	0	0	0	0	0	0	0	0	0	0	0	0	0	0	0	0	0	0	0	0	0	0	0	0	0	0	1	0	0
268971	0	0	0	0	0	0	1	5	0	0	2	3	0	0	0	0	0	0	2	0	3	0	0	0	2	0	0	0	0
260989	0	0	0	0	0	0	0	0	0	1	0	0	0	0	0	0	0	0	0	0	0	0	0	0	0	0	0	0	2
334328	0	0	0	0	0	0	7	9	3	0	0	0	0	0	3	3	0	0	1	14	1	0	1	0	0	0	3	0	0
176154	0	0	0	0	0	0	0	0	0	0	0	0	0	0	1	0	0	2	0	0	0	1	0	0	0	0	0	1	0
329712	0	0	0	0	0	0	2	0	0	0	0	2	0	0	0	0	0	0	0	1	0	1	0	0	1	2	3	0	0
334697	0	0	0	0	0	0	0	0	0	0	0	0	0	1	0	0	0	0	0	0	0	0	0	0	0	0	0	0	0
263535	0	0	0	0	0	0	0	0	0	0	0	0	0	0	1	0	0	0	0	0	0	0	0	0	0	0	0	0	0
335330	0	0	0	0	0	0	0	0	0	0	0	0	0	0	0	0	0	0	0	1	0	0	0	0	0	0	0	0	0
3694603	0	0	0	0	0	0	0	0	0	0	0	0	0	0	0	0	0	0	1	0	0	0	0	0	0	0	0	0	0
162005	0	0	0	0	0	0	0	0	0	0	0	0	0	0	0	1	0	0	0	0	0	0	0	0	1	0	0	0	0
258559	0	0	0	0	0	0	0	0	6	16	6	15	0	0	0	7	1	0	2	0	0	0	0	0	0	1	0	0	0
183606	0	0	0	0	0	0	0	3	0	0	1	0	2	1	0	0	0	0	0	0	0	0	0	0	0	0	0	0	0
165430	0	0	0	0	0	0	0	0	0	0	0	0	0	0	0	0	0	0	0	0	0	0	2	0	0	0	0	0	0
1051764	0	0	0	0	0	0	8	0	0	0	0	0	0	0	19	6	7	11	10	12	5	0	0	0	4	4	0	17	0
232380	0	0	0	0	0	0	0	0	7	4	0	0	0	0	0	1	1	0	0	1	0	0	1	0	1	1	0	0	0
182649	0	0	0	0	0	0	0	0	0	0	0	0	0	0	0	0	0	0	0	1	0	0	0	0	0	0	0	0	0
199532	0	0	0	0	0	0	0	11	5	0	11	9	13	12	0	0	0	0	6	18	0	0	0	0	2	0	0	6	0
262159	0	0	0	0	0	0	1	0	0	0	0	0	0	1	0	0	0	0	0	0	0	0	0	0	0	0	0	0	0
175573	0	0	0	0	0	0	0	0	0	0	0	0	0	0	0	0	0	0	0	0	0	0	0	11	0	0	0	0	0
152381	0	0	0	0	0	0	0	0	0	0	0	0	0	0	0	0	0	0	0	0	1	0	0	0	0	0	0	0	0
193463	0	0	0	0	0	0	0	0	0	0	1	0	2	2	1	0	0	0	1	0	0	3	0	0	0	1	0	1	2
262247	0	0	0	0	0	0	0	0	0	0	0	0	0	0	0	0	0	0	0	0	0	10	3	2	0	0	0	0	0
259983	0	0	0	0	0	0	0	0	0	0	0	0	0	0	0	0	0	0	0	0	0	1	0	0	0	1	0	0	0
4411295	0	0	0	0	0	0	0	0	0	0	0	0	0	0	1	0	0	0	0	0	0	0	0	0	0	0	0	0	0
192206	0	0	0	0	0	0	0	0	0	0	0	0	0	0	1	1	0	0	0	0	0	1	0	0	0	0	1	0	0
177271	0	0	0	0	0	0	1	1	8	6	1	0	0	1	0	3	5	0	2	0	4	1	0	1	0	1	3	3	0
183675	0	0	0	0	0	0	0	0	0	0	1	2	1	0	0	1	0	0	0	0	0	0	0	1	1	1	0	2	1
185587	0	0	0	0	0	0	0	0	0	0	0	0	0	0	0	0	0	0	0	0	0	0	2	13	0	4	0	0	1
185854	0	0	0	0	0	0	0	0	0	0	0	0	0	1	0	0	0	0	0	0	0	0	0	0	0	0	0	0	0
187078	0	0	0	0	0	0	13	0	0	0	0	0	0	0	30	27	28	11	4	8	17	8	16	8	13	12	26	10	21
269172	0	0	0	0	0	0	0	0	0	0	1	0	3	1	0	0	0	1	1	0	0	0	3	0	0	0	0	1	0
258423	0	0	0	0	0	0	0	0	0	0	0	0	0	1	1	0	0	0	1	0	0	1	1	0	0	0	0	1	0
326816	0	0	0	0	0	0	0	1	0	0	0	0	0	0	0	0	0	3	0	0	0	1	0	0	0	0	0	0	0
177291	0	0	0	0	0	0	1	0	0	0	0	0	3	0	1	0	0	5	0	1	0	1	0	0	0	0	0	0	0
199137	0	0	0	0	0	0	0	0	0	0	0	0	0	0	0	0	0	0	0	0	0	0	0	0	1	0	0	0	0
276312	0	0	0	0	0	0	0	0	0	0	0	0	0	0	0	0	0	0	0	0	0	0	1	0	0	0	0	1	0
176877	0	0	0	0	0	0	0	0	0	0	0	1	0	0	0	0	0	0	1	0	0	0	0	0	0	0	0	0	0
340139	0	0	0	0	0	0	0	0	0	0	1	0	1	1	1	0	0	2	0	2	0	0	1	1	0	0	1	1	0
262410	0	0	0	0	0	0	4	5	10	3	4	2	4	22	2	5	2	1	5	3	3	3	2	4	1	4	3	5	0
198964	0	0	0	0	0	0	3	0	0	0	0	0	0	0	2	1	2	0	1	1	2	1	1	1	3	2	2	2	5
227967	0	0	0	0	0	0	0	0	0	0	0	0	0	0	0	0	0	0	0	0	0	0	0	0	0	0	0	1	0
271500	0	0	0	0	0	0	0	0	0	0	0	0	0	0	1	0	0	0	0	0	0	0	0	0	0	0	0	0	0
1566691	0	0	8	0	0	0	0	0	0	0	0	0	0	0	0	0	1	9	0	0	0	0	0	0	0	0	0	0	0
355822	0	0	0	0	0	0	2	0	1	2	1	10	0	0	0	0	0	2	1	0	0	0	0	0	1	0	0	1	1
192664	0	0	0	0	0	0	0	0	0	0	0	0	0	0	0	0	0	0	0	0	0	0	0	1	0	0	0	0	0
259557	0	0	0	0	0	0	0	0	0	0	0	0	0	0	4	2	0	4	0	3	0	0	3	0	6	7	5	1	3
261799	0	0	0	0	0	0	0	1	0	0	0	0	0	0	0	0	0	0	1	0	0	0	0	0	0	0	0	0	0
4435934	0	0	0	0	0	0	0	0	0	0	0	0	0	0	0	0	0	0	0	0	0	0	0	0	0	1	1	0	2
194692	0	0	0	0	0	0	0	0	1	0	1	1	1	2	1	0	1	0	0	0	0	1	0	0	0	0	1	0	0
209030	0	0	0	0	0	0	1	0	0	0	0	0	0	0	1	3	6	1	0	2	1	2	6	2	6	2	6	3	1
271563	0	0	0	0	0	0	0	0	0	0	0	0	0	0	0	0	0	0	1	0	0	0	0	0	0	0	0	0	0
266247	0	0	0	0	0	0	1	0	0	0	0	1	0	0	2	0	0	0	0	0	1	0	1	0	0	0	0	0	1
259275	0	0	0	0	0	0	0	0	3	4	3	4	6	5	0	0	0	0	0	0	1	0	0	0	5	2	0	1	0
389282	0	0	0	0	0	0	2	0	0	0	0	0	0	0	2	3	4	4	0	0	0	1	4	2	6	1	1	1	1
197765	0	0	0	0	0	0	0	0	0	0	2	1	1	0	0	0	0	0	1	0	0	0	0	0	0	0	2	1	0
270396	0	0	0	0	0	0	0	1	1	0	1	1	0	0	0	0	0	0	0	0	0	0	0	0	0	1	0	1	0
268538	0	0	0	0	0	0	0	0	0	0	0	0	0	0	0	0	0	0	0	1	0	1	0	0	0	1	0	0	0
181603	0	0	0	0	0	0	0	0	0	0	0	0	0	0	0	0	0	0	0	0	1	0	0	0	0	0	0	0	1
177195	0	0	0	0	0	0	0	0	0	0	0	0	0	0	0	0	0	1	0	0	0	0	0	0	0	0	0	0	0
175876	0	0	0	0	0	0	0	0	0	0	0	0	0	0	0	0	0	0	0	0	0	0	0	1	0	0	0	0	0
174782	0	0	0	0	0	0	0	0	0	0	0	1	0	0	0	0	0	0	0	0	0	0	0	0	0	0	0	0	0
268026	0	0	0	0	0	0	0	0	0	0	0	0	0	0	0	0	0	0	0	0	0	0	0	0	0	0	0	1	0
716984	0	0	0	0	0	0	0	0	0	0	0	0	0	0	0	0	0	1	0	0	0	0	0	0	0	0	0	0	0
270385	0	0	0	0	0	0	0	0	0	0	0	0	0	0	0	0	1	1	0	0	0	0	0	0	0	0	0	0	0
4357315	0	0	0	0	0	0	0	0	0	0	0	0	0	0	0	0	0	0	0	0	0	0	0	0	0	0	1	0	0
173245	0	0	0	0	0	0	0	0	0	0	0	0	0	0	0	0	0	0	0	0	1	0	3	0	0	0	0	0	1
306469	0	0	0	0	0	0	0	0	0	0	0	0	0	1	0	1	0	0	0	0	0	0	0	0	0	0	0	0	0
179907	0	0	0	0	0	0	0	0	0	0	0	0	0	0	0	0	0	0	0	0	0	0	0	1	1	1	0	0	0
316008	0	0	0	0	0	0	0	0	0	0	0	0	0	0	0	0	0	0	0	0	0	0	0	0	0	0	1	0	0
176118	0	0	0	0	0	0	1	14	14	13	0	0	5	6	0	0	0	0	0	7	3	0	1	2	6	2	0	0	0
833390	0	0	0	0	0	0	6	0	0	0	0	0	0	0	6	0	0	0	0	0	7	0	0	0	0	0	0	0	0
213896	0	0	0	0	0	0	2	0	0	0	0	0	0	0	0	1	0	2	0	7	0	0	0	2	2	1	0	0	0
4402077	0	0	0	0	0	0	0	0	0	0	0	0	0	0	0	0	0	0	0	0	0	0	0	0	0	1	0	0	0
2251904	0	0	0	0	0	0	0	0	0	0	2	0	0	0	0	0	0	0	0	0	0	0	0	0	0	0	0	0	0
272595	0	0	0	0	0	0	1	0	1	2	1	0	0	0	1	1	0	1	0	2	0	1	0	0	1	0	4	6	1
307416	0	0	0	0	0	0	0	0	0	0	0	0	0	0	4	1	4	2	0	0	1	0	0	1	1	7	0	0	0
332507	0	0	0	0	0	0	0	0	0	0	0	0	0	0	0	0	1	0	0	0	0	0	0	0	0	0	0	0	1
275974	0	0	0	0	0	0	0	0	0	0	0	0	0	0	0	0	0	1	0	0	0	1	0	1	0	0	0	0	0
258550	0	0	0	0	0	0	0	0	0	0	0	0	0	0	0	0	0	0	1	0	0	0	0	0	0	0	0	0	0
273640	0	0	0	0	0	0	0	0	0	0	0	1	0	0	0	0	0	0	0	0	0	0	0	0	0	0	0	0	0
135956	418	425	416	321	278	423	1	1	1	3	3	1	1	2	0	1	1	0	0	1	0	0	0	0	0	0	0	1	1
177068	0	0	0	0	0	0	2	0	0	0	0	0	0	0	3	0	0	1	0	0	0	0	1	0	0	0	0	0	1
321484	0	0	0	0	0	0	0	0	0	0	0	0	0	0	0	0	0	1	0	0	0	0	0	0	0	1	0	0	1
319158	0	0	0	0	0	0	0	0	0	0	0	0	0	0	0	0	0	0	0	0	0	0	0	0	1	0	0	0	0
3172945	0	0	0	0	0	0	0	0	0	0	0	0	0	0	0	0	0	0	0	0	0	1	0	0	0	0	1	1	0
330201	0	0	0	0	0	0	1	0	0	0	0	0	2	0	0	0	0	0	0	0	0	0	0	0	0	1	0	0	0
265280	0	0	0	0	0	0	0	0	0	0	0	0	0	0	0	0	0	0	1	0	0	0	0	0	0	0	0	1	0
335183	0	0	0	0	0	0	3	2	1	0	0	0	1	3	0	3	2	0	1	4	0	1	0	0	0	1	0	1	0
838685	0	0	0	0	0	0	0	0	0	0	0	0	0	0	0	0	0	0	0	0	79	0	0	0	0	0	0	67	0
203713	0	0	0	0	0	0	0	0	0	0	0	0	0	0	3	0	0	4	0	1	1	0	1	2	3	1	1	0	0
4418586	0	0	0	0	0	0	0	0	0	0	1	1	0	0	0	0	1	0	0	0	0	0	0	0	0	0	0	0	0
214603	0	0	0	0	0	0	0	0	0	0	0	0	0	0	0	1	0	0	0	0	0	0	0	0	0	0	0	0	0
271944	0	0	0	0	0	0	0	0	0	0	0	0	0	0	0	0	1	0	0	0	0	0	0	0	0	0	0	1	0
174320	0	0	0	0	0	0	0	0	5	11	2	5	4	5	0	0	0	0	3	1	1	0	0	0	0	0	1	3	0
