SubPathway	Cef2dayrec21	Cef2dayrec22	Cef2dayrec23	Cef2dayrec25	Cef2dayrec26	Cef2dayrec28	Cef6wkrec13	Cef6wkrec14	Cef6wkrec15	Cef6wkrec16	Cef6wkrec17	Cef6wkrec18	Cef6wkrec19	Cef6wkrec20	NoAbx29	NoAbx31	NoAbx32	NoAbx33	NoAbx34	NoAbx35	NoAbx36	NoAbx6wkrec37	NoAbx6wkrec38	NoAbx6wkrec39	NoAbx6wkrec40	NoAbx6wkrec41	NoAbx6wkrec42	NoAbx6wkrec43	NoAbx6wkrec44
Glycolysis___Gluconeogenesis	0.0290206518444324	0.0290262172284644	0.0282077393075356	0.0241424268309131	0.0224430738033881	0.028691961348419	0.0171903352115366	0.0164070884706717	0.0164177969097491	0.0165034024440964	0.0169425839336114	0.016990412294023	0.0167084699980706	0.0165087154490288	0.0172251529336008	0.0177436682819786	0.0180975551930274	0.0177593574849142	0.0173988267416399	0.0177173379046504	0.0170556329617834	0.0181647857031995	0.0176379115260575	0.0176476994282603	0.018389543917375	0.018136730798296	0.0179358792317465	0.0166545510422392	0.0186812927855216
Glycine_serine_and_threonine_metabolism	0.00655007446261713	0.00655430711610487	0.00678462321792261	0.00745178258328463	0.00776266317434836	0.00656664043450776	0.00747567355341207	0.00645635621508793	0.00648836345574712	0.00650844637942782	0.0066135894519567	0.00657766495160815	0.00645700688147148	0.00646762892030531	0.00840825222280011	0.00794893480844839	0.00797624625319642	0.00772542787811111	0.0073044794679787	0.00758343873145951	0.00778139928343949	0.00744440256313607	0.00782965952477476	0.00748706779199564	0.00821375255156445	0.00764653526866432	0.00784119848464815	0.00754714750920492	0.00777650787665987
Butanoate_metabolism	0.00467862461615509	0.00468164794007491	0.00477342158859471	0.00508024996628153	0.00523847746187318	0.00470888754144466	0.00521015715362005	0.00515494409843408	0.00545470003624534	0.00524303804189121	0.00528244660684949	0.00525397221151885	0.00515788796707184	0.00514610830705387	0.00500903979988607	0.00506880314528664	0.00494493398287337	0.00519144458522129	0.00483360817496148	0.00507478911664175	0.0058531548566879	0.00508857896720694	0.00526414512098458	0.00525456030492785	0.00514882856533528	0.00515553366210823	0.00511632452444051	0.00557909729732924	0.00484853483522051
Propanoate_metabolism	0.000948904147501878	0.000936329588014981	0.00145112016293279	0.00468686777862698	0.00600946305606016	0.000993381755318463	0.00212226360636255	0.00282676852610852	0.00264009271647642	0.00272107037617139	0.00272547285058343	0.00267911784038623	0.00265397560400454	0.00266774254637673	0.00152933600812344	0.00182865502422968	0.00171605014930765	0.00231923894603475	0.00211402773647644	0.00210099405240987	0.00182250199044586	0.00208975410744773	0.00182732393854867	0.00211271440239586	0.00159644151966609	0.00203758333659869	0.00179358792317465	0.00209216148649847	0.00189110532455138
Pentose_and_glucuronate_interconversions	0.000962083371772737	0.000936329588014981	0.000954684317718941	0.00129254147372207	0.00141523383042541	0.00113529343464967	0.00788951495665277	0.00938030811354398	0.00879732589930955	0.00894634845629032	0.00914950082143308	0.00909812099095628	0.00909383240079748	0.00907361816699739	0.00689129950219184	0.00736033647252446	0.00736095195624072	0.0077737453561535	0.00791003216998729	0.00790747264004014	0.00608952030254777	0.00795436908272544	0.00689784533094531	0.00786278246664852	0.00713524053255339	0.00756816667879514	0.00709961886256633	0.00689113077191303	0.00733466083821329
Fructose_and_mannose_metabolism	0.0298773014220383	0.0299625468164794	0.0287550916496945	0.0207143820527807	0.0174897553968992	0.029401519745075	0.00865883551395919	0.00855213676658244	0.00833195362386286	0.00846850195120656	0.0087451029950714	0.00933838028967112	0.00833922867494158	0.00839433187046628	0.00908314139237685	0.00905755691688763	0.00909393681096917	0.00907294865462667	0.00870482009137358	0.00951718947621487	0.00856513734076433	0.00865280148998914	0.00813219660069341	0.00872311462020147	0.0090546263290985	0.00935944873294783	0.00933010640805275	0.00812042339674829	0.00960280896890575
Inositol_phosphate_metabolism	0.000935724923231019	0.000936329588014981	0.0010183299389002	0.000842961830688306	0.000802669933674116	0.00098048069356108	0.00159700336378782	0.00196901963104121	0.00187043856862227	0.00192908403904183	0.00198407683558701	0.00179967814320361	0.00200655990738954	0.00209961218927798	0.00133739505163831	0.00133148943951724	0.0013321968264362	0.00145489294994309	0.00161120272498716	0.00120206127376684	0.00100144307324841	0.00148001152967783	0.0014158735152993	0.00162265178328342	0.00109069859549706	0.00123150641222998	0.00100601886716527	0.00132385359597643	0.00101330254150417
Histidine_metabolism	0.000935724923231019	0.000936329588014981	0.00124745417515275	0.0046643887964753	0.00600946305606016	0.00104498600234799	0.00730058680588716	0.00602114372153161	0.00614380898257986	0.00610581645384799	0.00633977842369097	0.00631020648700106	0.00605397989152571	0.0059036154498522	0.00812343660995121	0.00809751302916705	0.00819639742366681	0.00779521979083901	0.00731529290908599	0.00777158745257084	0.00860867834394904	0.00804305891221924	0.00810799363461992	0.00767764769942826	0.00862809615208847	0.00834625482106772	0.00856553206900715	0.00788993102959167	0.008406876318177
Phenylalanine_tyrosine_and_tryptophan_biosynthesis	2.63584485417188e-05	0	0.000305498981670061	0.00314705750123634	0.00428794727725909	0.000219318049875505	0.0103513407400333	0.00916481454877338	0.0094416875114665	0.00937994991460706	0.00933484982518219	0.00953330764523221	0.00952258451776106	0.00934533268560983	0.0114483493077742	0.0109890737862302	0.0113744771409701	0.0105815276912835	0.0104565975507556	0.0108499095840868	0.0105369227707006	0.0105984346245094	0.0108429288009246	0.0102640893002995	0.0115711543734576	0.0106245416836932	0.0112616626330101	0.0105080879180629	0.0112700451273109
Glyoxylate_and_dicarboxylate_metabolism	0.00375607891719493	0.00374531835205993	0.00440427698574338	0.00629411500247269	0.00719234506357991	0.00392192277424432	0.00978363522533134	0.00983242206316074	0.00978624198463377	0.00977815533551019	0.00973082269682801	0.00967836986332419	0.00990846142302828	0.0100328527554322	0.00973945563068083	0.00950900612599433	0.00961326777720702	0.00975476195589151	0.00973750371712038	0.00950673676948646	0.00905652866242038	0.00988337287421565	0.00980220125976438	0.0097522461203376	0.00948115650610852	0.0093314599508517	0.00911165659689686	0.00935562608227987	0.00907259252276985
Valine_leucine_and_isoleucine_degradation	0.000935724923231019	0.000936329588014981	0.00105651731160896	0.00196691093827271	0.00233407967555236	0.00092887644653155	0.000695041331083734	0.000578874870070057	0.000581715344308363	0.000592883626677993	0.000636084081048064	0.00060744803826016	0.000587390400240101	0.00058459790368132	0.000798722044728434	0.000765749291396178	0.000795931154777563	0.000837502952734769	0.000692060230866968	0.000747368531081123	0.000808618630573248	0.000753863550697324	0.000768444172833381	0.000718758508031582	0.000810407336319045	0.000778088142272577	0.000816312452214104	0.000732847526344096	0.000777650787665987
Citrate_cycle_TCA_cycle	0.00187144984646204	0.00187265917602996	0.00208757637474542	0.00503529200197815	0.00619956909298297	0.00189645607833525	0.0068336888124874	0.00352817895261677	0.00369612980306698	0.00370331041439911	0.00411980285605965	0.00393934586006029	0.00377301862927948	0.00362286024816593	0.00948559823661986	0.00833180945414647	0.00869314878267692	0.0075428951832843	0.00665026628098727	0.00725417846951468	0.00852781648089172	0.00738342830535908	0.00835607403687322	0.00712768853797985	0.00949943637083752	0.00792082533320645	0.0084045690502607	0.00765352860173874	0.00837741984894723
Pyruvate_metabolism	0.0140226946241944	0.0140449438202247	0.013709266802444	0.0141505192644877	0.0141840226437413	0.0139718498832454	0.0116989781300735	0.0115014408491292	0.0117014278874336	0.0116541453184316	0.0118791861493744	0.0118543031347039	0.0116320449332219	0.0115313994944463	0.0117826980706838	0.0119776904087044	0.0120123510451536	0.0117733588163292	0.0117433970425239	0.0119735755573906	0.0123345441878981	0.0119786700960067	0.0119139100496766	0.0117615028586986	0.0124181214392347	0.0118672436087616	0.0123826550849942	0.0119146823637879	0.0121419566165121
Pentose_phosphate_pathway	0.0112550575273139	0.0112359550561798	0.0110488798370672	0.00891291642314436	0.00810062946221114	0.0111723194818934	0.010314201126922	0.0112056653680715	0.0108512285380598	0.0108577344766253	0.0111714899532415	0.0113647181486434	0.0110746671811692	0.0109550353640563	0.00943606508655918	0.0100290298985096	0.0101551783506726	0.0106620568213542	0.0104728177124165	0.0108655886441794	0.0094483976910828	0.0107869005121838	0.00956622234054783	0.0103729921045467	0.0100965786186516	0.0105741618759201	0.0100946807470984	0.00957429832804383	0.0107692851504047
None	0.454235143719441	0.454119850187266	0.453385947046843	0.441464730477004	0.437254446368975	0.454891437565312	0.448593469794883	0.476684441364624	0.473959288875365	0.475448423548984	0.473166519229959	0.471556472268184	0.476107788282205	0.477492980708269	0.42347747480001	0.433374097101582	0.430553595520206	0.440977516266884	0.450082452488443	0.437079931848352	0.43637415406051	0.443388173211237	0.436857486885018	0.446882657228424	0.425707583097218	0.436972061597712	0.431927014768357	0.443508684834193	0.430800862485419
C5-Branched_dibasic_acid_metabolism	2.63584485417188e-05	0	0.000114562118126273	0.00112394910758441	0.00153140974187825	6.45053087869132e-05	0.00417555364551831	0.00365071450905496	0.00374087713724455	0.0036856123956923	0.0037196175070559	0.00377615086470682	0.0036786931635475	0.00367226288791364	0.004711840899522	0.00438877205815123	0.00450463164193259	0.00419288337234522	0.00417939498797005	0.00435355235238165	0.00451582404458599	0.00414070641449192	0.00430812796108163	0.00416553226245576	0.00459433933522225	0.00418712180158193	0.00435175018539491	0.00440890527945722	0.00435955744600629
Valine_leucine_and_isoleucine_biosynthesis	1.31792242708594e-05	0	5.09164969450102e-05	0.000674369464550645	0.000918845845126949	3.87031852721479e-05	0.00181984104245588	0.00183803334657281	0.00186148910178676	0.00179634889874079	0.00171447828467922	0.00183141050341123	0.0018221964970952	0.00181143012408296	0.00182034326472992	0.00178293864862394	0.00179507877460472	0.00174479781819744	0.00178962450325755	0.00175605473037243	0.00180384156050955	0.00171282233209907	0.00171235984969958	0.00175333514838007	0.0017548670139841	0.00169612019502583	0.00173610113076521	0.00183802887655656	0.00169080133378893
Terpenoid_backbone_biosynthesis	0.0112286990787722	0.0112359550561798	0.0109215885947047	0.00958728588769501	0.0090300367538338	0.0111078141731064	0.00706713780918728	0.00557325513592996	0.00580820397624811	0.00573415806100507	0.00573318168414845	0.00585235386114826	0.00577100349432975	0.00561955027130283	0.00819773633504223	0.00780035658772972	0.00799318095861722	0.0074033113578285	0.00709902408694007	0.00753640155118168	0.00829767117834395	0.00743331633444935	0.00776310136807266	0.00718213994010346	0.00840873777534046	0.00781446796124113	0.00822635999379143	0.00757669781268654	0.00823013750279836
Glycerophospholipid_metabolism	0.00748579938584815	0.00749063670411985	0.00743380855397149	0.00785640426201502	0.00795276921127118	0.0074310115722524	0.00586275321257653	0.00530705720297804	0.00537862956814348	0.00540232021025246	0.00521925944648048	0.00550329789886444	0.00536797650438399	0.00530666688623395	0.00617306882631201	0.00618885434762732	0.00610213885329465	0.00598599866858505	0.0058230380362791	0.00615141790966771	0.00645650875796178	0.00615840003547593	0.00631697414518149	0.00594609311189763	0.00628218017853335	0.00631426924088825	0.00613958942932861	0.0063533152485476	0.0063508147659389
Methane_metabolism	0.00280717476969306	0.00280898876404494	0.00280040733197556	0.00296722564402284	0.00302057369777365	0.00281243146310941	0.00319400672757563	0.00234085166437089	0.00241188131217083	0.00238038351606538	0.0024263869581701	0.00247059090187901	0.0024567496302013	0.002387794254473	0.00359734502315675	0.0034458718112828	0.0035167738257193	0.00338759207163871	0.00317374496499148	0.00320898096562105	0.00385026871019108	0.00350879137934857	0.00363044491102385	0.00335965151102641	0.00382049172836121	0.00339783814647089	0.00339746943139814	0.00358740684266827	0.00367616735987558
Fatty_acid_biosynthesis	0.0102929741555412	0.0102996254681648	0.0102087576374745	0.00922762217326799	0.00882936927041528	0.0101918387883323	0.00594233809781513	0.00500283099389012	0.00519516549801546	0.00507933136885326	0.00507182273895278	0.00517237471384211	0.00513216284005402	0.00503083548097587	0.00651360923297917	0.0063431471152967	0.00650857178339383	0.00619000579809737	0.00598523965288854	0.00613051249621089	0.00658713176751592	0.00631915035143345	0.00640773526795709	0.00612578273890553	0.00678792310270237	0.0064262243692728	0.00659948376860416	0.00614055306347996	0.00653933616900944
Polyketide_sugar_unit_biosynthesis	0.000935724923231019	0.000936329588014981	0.000980142566191446	0.00151733129523895	0.00172151577880106	0.000967579631803697	0.00352295758656183	0.00275916270186677	0.00277433471900912	0.002756466413585	0.00267913559964615	0.00270631700627847	0.00282118892962034	0.00285300244543067	0.00427223419273349	0.00382874645698089	0.00394014146123928	0.00355401894045139	0.00358465572706875	0.00363754194148575	0.00317849323248408	0.00376377463914326	0.00388457605479552	0.00359923768037027	0.00394845078146422	0.00367212821101303	0.00362741660103591	0.00327417362576314	0.00370562382910535
Amino_sugar_and_nucleotide_sugar_metabolism	0.0140226946241944	0.0140449438202247	0.013658350305499	0.0109809827810997	0.00989607536648219	0.0139718498832454	0.0117626460382644	0.0119535547987459	0.0117059026208514	0.0118355500101764	0.0116180125531825	0.0114825812008432	0.0118378459493644	0.0120707116450256	0.0121789632711692	0.0115433848404498	0.0115043098825296	0.0112418665578629	0.0116298559108972	0.0113150550335009	0.0111838176751592	0.0113689275182368	0.0116597789059049	0.0117451674380615	0.0112238369436066	0.0112346971333889	0.0110834535765408	0.0115246183578305	0.0107751764442507
Pantothenate_and_CoA_biosynthesis	0.00561434953938611	0.00561797752808989	0.00551171079429735	0.00524884233241919	0.00512230155042035	0.00554745655567453	0.00412780271437515	0.00315212155527199	0.0034052721309128	0.00325643544205226	0.00319305783731412	0.00334549740474625	0.00321992839839647	0.00314118451062568	0.00498427322485573	0.00462306848313066	0.00467962359794751	0.00428951832843	0.00404963369468249	0.00451556930667196	0.00505075636942675	0.00417950821489546	0.00453805613877981	0.00407841001905799	0.00491728361210127	0.00446700962254328	0.00478290112846573	0.00466894795009545	0.00478373060291501
Riboflavin_metabolism	0.00187144984646204	0.00187265917602996	0.0019857433808554	0.00347300274243582	0.00405559545435343	0.00184485183130572	0.00318870106855973	0.00177887825036127	0.00214339730710543	0.00192465953436513	0.00165971607902608	0.00204447063623382	0.00190794692048792	0.00183201455731118	0.004309384055279	0.00377731553442443	0.00384417813052142	0.00338759207163871	0.00291422237841637	0.0035748257011153	0.00394357085987261	0.00333695483470433	0.00381196715657504	0.00313640076231963	0.00419218231118423	0.00357136859546694	0.00387460980839652	0.0034160150824749	0.00380577582448657
Purine_metabolism	0.0495275248098897	0.049625468164794	0.0481670061099796	0.0444971451692667	0.0425520679312239	0.0490627378633261	0.030884241131591	0.0277944444913929	0.0276493777883183	0.0276797012574442	0.0278402628585871	0.0277476824044063	0.0281175638304714	0.0278301537245473	0.0336082423161701	0.0324871994148304	0.0326952712657563	0.031594262031052	0.0307966802735801	0.031384251952043	0.0327677149681529	0.0315181481563602	0.032323061191149	0.0312006534168255	0.0332998202479968	0.0324557917186792	0.0322903312963847	0.0317783963641307	0.0332268972911831
Galactose_metabolism	0.0112286990787722	0.0112359550561798	0.0107688391038697	0.00775524884233242	0.0065692197203329	0.0112368247906803	0.0124948269824595	0.0131028538108558	0.0123592136998438	0.0129018556372614	0.0127174691436034	0.0126385457512636	0.0130769395673891	0.0132440243390338	0.0130519850409887	0.0125091432751211	0.0122155675102032	0.0118807309897567	0.0124678975967127	0.0121042343914957	0.0101512738853503	0.011768031750959	0.0120167726554889	0.01190307650422	0.0118026993266916	0.0118784391216001	0.0116238294251896	0.0115600787220085	0.0113112841842325
Vitamin_B6_metabolism	0.000935724923231019	0.000936329588014981	0.000980142566191446	0.00150609180416311	0.00172151577880106	0.000954678570046315	0.00189942592769448	0.00151268031740934	0.00149903569494847	0.00148663357137168	0.00155019166771979	0.00152768648428115	0.00147490728235471	0.00145737787255766	0.00219803353394259	0.00213724055956844	0.00216199739205537	0.00200249103442352	0.00187613203211592	0.00199124063176159	0.00181006170382166	0.00206758165007428	0.0020451506332101	0.00191124421453852	0.00220577034396612	0.00204318109301792	0.00205227848901715	0.00187939930143083	0.00203249637685428
Arginine_and_proline_metabolism	0.00378243736573665	0.00374531835205993	0.00434063136456212	0.00606932518095581	0.00688606311520426	0.00387031852721479	0.00979424654336315	0.00861551722680909	0.00882417429981609	0.00870742520374844	0.00888411474788323	0.00878533058319545	0.0087851308765837	0.00873191657540901	0.0105815191817124	0.0103376154338484	0.0104938724590886	0.0101949878669444	0.00980779108431781	0.00991961868525855	0.0107484076433121	0.0102492184208776	0.0104012246700833	0.00997005172883202	0.0108399597842976	0.00999759296473973	0.0104625962185188	0.0102480452474247	0.0102567425858067
Phenylalanine_metabolism	0	0	0.000305498981670061	0.000449579643033763	0.000612563896751299	1.29010617573826e-05	0.00112479971137215	0.000980284451505497	0.00101576448583076	0.000995513552257825	0.00112894393192637	0.00111063260726671	0.000964692263168049	0.000905715062041482	0.00110830423260767	0.00124005668830575	0.0013152621210154	0.00136899521120107	0.0011786650806953	0.00126477751413729	0.00152393511146497	0.00131371809937695	0.00121014830367462	0.00122515654778111	0.00142582944886208	0.00129308173284148	0.00150615396112743	0.00128839323179849	0.00144925828610479
Tyrosine_metabolism	0.00466544539188423	0.00468164794007491	0.00473523421588595	0.00464190981432361	0.00463647501161759	0.00459277798562822	0.000907267691719989	0.000764790886734892	0.000751755214183115	0.000778712823099454	0.000926745018745524	0.000856773725605748	0.000737453641177353	0.000749273369507044	0.00091017163236496	0.000942900246868428	0.000987857816213287	0.00113277642966049	0.000843448406369117	0.000925064545464048	0.00116938694267516	0.00102547615352209	0.000974169384458065	0.00103457664034849	0.00109069859549706	0.000979607373364755	0.000948532074755825	0.00101653043976762	0.00103686771688798
Carbon_fixation_pathways_in_prokaryotes	0.00282035399396392	0.00280898876404494	0.00272403258655804	0.00250640650991323	0.00240800980102235	0.00279953040135203	0.00341153874722779	0.00321127665148353	0.00314126285926516	0.00315909633916483	0.00319305783731412	0.00330469865590789	0.00303127746693249	0.00296415838486303	0.00362830324194467	0.00359445003200146	0.00352806362933317	0.00349496424506625	0.00335216674326187	0.00373684265540562	0.00366988455414013	0.00334249794904769	0.00340051673332567	0.00340321263272529	0.0037169058282302	0.00367212821101303	0.00376538490281858	0.00353421629640136	0.00392360170140566
Lysine_biosynthesis	0.0103061533798121	0.0102996254681648	0.010081466395112	0.00877804253023423	0.00821680537366398	0.0102305419736044	0.00831927333694118	0.00796058580446705	0.00790237921575822	0.0079641084180626	0.00805846918572813	0.0081053514358893	0.00805625227774562	0.00794970811273682	0.00854446838546697	0.00853753314437231	0.00861412015737986	0.0085575622221745	0.00829931604984996	0.00875936823840534	0.00859623805732484	0.0085696547748387	0.00842263219357532	0.00836918050639804	0.00880480151113548	0.00865972918054444	0.00869775169154887	0.00848093709922401	0.0089370927643129
Pyrimidine_metabolism	0.0205859483110824	0.0205992509363296	0.0199338085539715	0.017803353864137	0.0167398926957036	0.020499787132481	0.0178110973163977	0.0162169470899918	0.0163238275079762	0.0163972143318556	0.0164075993091537	0.0164509621704934	0.0164083435161961	0.0162658191369359	0.0191817123609976	0.0188065740148121	0.0189499353658743	0.0179150471363841	0.0180043794436485	0.0184124429020895	0.0189900975318471	0.0181703288175428	0.0187694001899933	0.017930846719303	0.0191329250830211	0.0187077019530572	0.0190798664006944	0.0184630296153141	0.0191525962931979
Porphyrin_and_chlorophyll_metabolism	0.000948904147501878	0.000936329588014981	0.00164205702647658	0.0051252079305849	0.00662202695281146	0.00135461148452518	0.0136355436708794	0.0168887799683943	0.0167265535155743	0.0169768244445034	0.016647710518556	0.0166413563317392	0.0166998949557313	0.0167557286477674	0.0111635336949253	0.012309134131846	0.0112333545957968	0.013281937852986	0.0134735476196913	0.0136825931074852	0.0133857484076433	0.0125606971020598	0.0122951067653341	0.0131772393139123	0.0111994637906346	0.0129084263027379	0.0121124671606698	0.0144264581597253	0.0124777603657315
Fatty_acid_degradation	0	0	8.91038696537678e-05	0.00134873892910129	0.0018376916902539	0	2.12226360636255e-05	8.4507280302198e-06	3.57978673420531e-05	2.21225233835072e-05	4.2124773579342e-06	9.06638863074866e-06	3.00126481874504e-05	3.29350931651448e-05	3.09582187879238e-05	2.2858187802871e-05	3.38694108415984e-05	7.51605213992742e-05	2.70336027682409e-05	6.27162403704439e-05	0.00016172372611465	5.54311434336267e-05	6.05074151837308e-05	2.72257010618023e-05	3.04664412150017e-05	0	5.74867924094439e-05	0.00012411127462279	5.89129384595445e-05
Geraniol_degradation	0	0	0.000190936863543788	0.00113518859866025	0.00153140974187825	0	0.000249365973747599	8.4507280302198e-06	2.68484005065398e-05	1.76980187068058e-05	4.2124773579342e-06	4.53319431537433e-06	8.57504233927155e-06	8.2337732912862e-06	0.000482948213091612	0.000371445551796654	0.000383853322871449	0.000402645650353254	0.000227082263253224	0.000282223081666998	0.000335887738853503	0.000288241945854859	0.000375145974139131	0.000266811870405663	0.000414343600524023	0.00033586538515363	0.000339172075215719	0.000301413095512491	0.00031812986768154
Alanine_aspartate_and_glutamate_metabolism	0.00561434953938611	0.00561797752808989	0.00558808553971487	0.00569842197545295	0.00573486544717164	0.0055732586791893	0.00529504769787455	0.0043098712954121	0.00434496614864169	0.00437583512525773	0.00442731370318885	0.00441079806885922	0.00441614680472485	0.00433096475121654	0.00614211060752409	0.00589169790619	0.00585376317378959	0.00559945884424593	0.0052066718931632	0.00557651903960531	0.00611440087579618	0.00557082991507949	0.00590552372193212	0.00543969507214811	0.00621515400786034	0.00600079488141153	0.00603611320299161	0.00578594942170056	0.00588540255210849
Nitrogen_metabolism	0.000948904147501878	0.000936329588014981	0.00134928716904277	0.00443959897495841	0.00570318110768451	0.00098048069356108	0.00386782542259574	0.00348169994845056	0.00349476679926793	0.00349093418991744	0.0033868317957791	0.00358575670346109	0.00342572941453898	0.00333056129632527	0.00434034227406692	0.0042173356496297	0.00414900282809581	0.00422509502437348	0.00378470438755373	0.00434309964565324	0.00417993630573248	0.00391898184075741	0.00401164162668135	0.00378437244759053	0.00437498095847424	0.00412554648097043	0.00427126867602168	0.00417250285160429	0.0043713400336982
Folate_biosynthesis	0.00374289969292407	0.00374531835205993	0.00408604887983707	0.006271636020321	0.00719234506357991	0.00375420897139835	0.00540646653720859	0.00370564424125138	0.00391539174053706	0.00392011114355748	0.00377016723535111	0.00389401391690655	0.00391450682787746	0.0039069254267153	0.00701513237734354	0.00629743073969096	0.00637309414002743	0.00569609380033071	0.00542294071530913	0.00552948185932747	0.00568521098726115	0.00557082991507949	0.00626856821303451	0.00551592703512115	0.00653809828473936	0.00590563302228467	0.00611084603312389	0.00547862626549175	0.00603268489825736
Sulfur_metabolism	0.00280717476969306	0.00280898876404494	0.00325865580448065	0.00520388436811581	0.00608339318153014	0.00279953040135203	0.00254671632763506	0.00259437350527748	0.00295332405571938	0.00283610749776563	0.00278023505623657	0.00282418005847821	0.0027568761120758	0.00275419716593523	0.0026004903781856	0.00266869342598519	0.00274342227816947	0.00282388816114416	0.00250871833689276	0.00309400119160857	0.00271820262738854	0.00276047094299461	0.00272888442478626	0.0025210999183229	0.00265667367394815	0.0025749679528445	0.00300655924301392	0.00260042670638227	0.00255682152914423
Nicotinate_and_nicotinamide_metabolism	0.00374289969292407	0.00374531835205993	0.00376782077393075	0.0056085060468462	0.00627349921845296	0.00375420897139835	0.00469550822907713	0.00392958853405221	0.00403173480939873	0.00403514826515172	0.00407767808248031	0.00408894127246764	0.0040388449417969	0.0039645618397543	0.00538673006909874	0.0052173813660053	0.00534572201116562	0.00492838276032383	0.00479576113108594	0.00502775193636392	0.00515649880573248	0.00494445799427951	0.00514918103213549	0.00479716852708957	0.0054413064009993	0.00522270673913895	0.00547849131662001	0.00485215983168147	0.00540820775058618
Oxidative_phosphorylation	0.0112286990787722	0.0112359550561798	0.0115071283095723	0.0146000989075215	0.0157576781716024	0.0111852205436507	0.0161238977493394	0.0125282043048009	0.0125561019702251	0.0126585078800428	0.0125068452757066	0.0128878714386092	0.0123051857568547	0.0122106857909774	0.0199990093369988	0.0183379811648532	0.0183120614616909	0.016744690446024	0.0160038928387986	0.0175762263638169	0.0193259852707006	0.0161082902818119	0.0176379115260575	0.0157745711952083	0.018974499588703	0.0170843525914813	0.0185337418728047	0.0182443573695502	0.0183926193870698
Ubiquinone_and_other_terpenoid-quinone_biosynthesis	0.0027939955454222	0.00280898876404494	0.00291496945010183	0.00409117475160725	0.00456254488614761	0.00276082721607988	0.00221776546864886	0.000752114794689563	0.000680159479499009	0.000730043271655738	0.000720333628206748	0.000679979147306149	0.000711728514159539	0.000745156482861401	0.00359734502315675	0.00279441345890098	0.00287889992153586	0.00243197972813366	0.00203833364872537	0.00224733194660757	0.00232633359872611	0.00220061639431498	0.00278334109845162	0.00221072692621835	0.00300399110379917	0.00244621955520228	0.00245468603588326	0.00230492367156611	0.00248612600299278
Glutathione_metabolism	0.00187144984646204	0.00187265917602996	0.00202393075356415	0.00416985118913816	0.00497444129948038	0.0018577528930631	0.00107704878022899	0.00087042498711264	0.000800977281778438	0.000853929402603379	0.000779308311217827	0.000802375393821256	0.000844641670418248	0.000852195535648121	0.00133120340788072	0.00117148212489714	0.00114027016500048	0.00118109390770288	0.00101646346408586	0.00104004431947653	0.00103876393312102	0.00100884681049201	0.00117989459608275	0.00104546692077321	0.00112116503671206	0.0011531378223608	0.00104625962185188	0.00109927128951614	0.00110167194919348
Arachidonic_acid_metabolism	0	0	5.09164969450102e-05	0.000224789821516882	0.00030628194837565	0	2.65282950795318e-05	1.69014560604396e-05	3.13231339242965e-05	2.21225233835072e-05	1.26374320738026e-05	2.26659715768716e-05	2.14376058481789e-05	1.64675465825724e-05	3.71498625455086e-05	4.5716375605742e-05	4.51592144554645e-05	6.44233040565207e-05	1.62201616609446e-05	3.1358120185222e-05	6.22014331210191e-05	4.43449147469014e-05	4.84059321469846e-05	3.81159814865233e-05	4.87463059440027e-05	8.95641027076348e-05	8.04815093732215e-05	4.72804855705868e-05	5.89129384595445e-05
Benzoate_degradation	0.00187144984646204	0.00187265917602996	0.00206211812627291	0.00347300274243582	0.00405559545435343	0.00184485183130572	0.000557094196670168	0.000485916861737639	0.000501170142788743	0.000508818037820666	0.000518134715025907	0.000521317346268048	0.000454477243981392	0.000481675737540243	0.000687272457091909	0.000600027429825363	0.000609649395148771	0.000676444692593467	0.000567705658133059	0.000548767103241384	0.000696656050955414	0.000493337176559278	0.000580871185763815	0.000539068881023686	0.000621515400786034	0.000481407052053537	0.000632354716503883	0.000596916130328659	0.000541999033827809
Tryptophan_metabolism	0	0	6.36456211812627e-05	0	0	0	0.000254671632763506	2.53521840906594e-05	3.57978673420531e-05	3.9820542090313e-05	5.05497282952104e-05	2.7199165892246e-05	2.14376058481789e-05	2.88182065195017e-05	0.000464373281818857	0.0003543019109445	0.000366918617450649	0.00031137930293985	0.000227082263253224	0.00027177037493859	0.000304787022292994	0.000266069488481408	0.000350943008065638	0.000266811870405663	0.000389970447552021	0.000313474359476722	0.000304679999770053	0.000289592974119844	0.000312238573835586
Lysine_degradation	0	0	1.27291242362525e-05	0.000224789821516882	0.00030628194837565	1.29010617573826e-05	0.00052526024257473	0.000545071957949177	0.000554866943801823	0.000566336598617785	0.000602384262184591	0.000602914843944786	0.00057881535790083	0.000580481017035677	0.000352923694182332	0.000451449209106702	0.000479816653589311	0.000526123649794919	0.000524451893703874	0.000501729922963551	0.000709096337579618	0.000665173721203521	0.000586921927282188	0.000604410563572012	0.000493556347683027	0.000621350962534216	0.000534627169407829	0.000585096008936012	0.000500759976906128
Dioxin_degradation	0	0	1.27291242362525e-05	0	0	0	0	0	0	0	0	0	0	0	0	0	0	1.07372173427535e-05	0	0	0	0	0	0	0	0	0	0	0
Two-component_system	0.0112682367515848	0.0112359550561798	0.0129073319755601	0.015858921908016	0.0175953698618563	0.0116625598286739	0.0233608166470357	0.0287493767588078	0.0294884932230162	0.0287371578751759	0.0280845865453473	0.0278836782338675	0.0281604390421678	0.0288058558595648	0.0188907051043911	0.0196466124165676	0.0193563682959735	0.0217213906843902	0.0227460733691979	0.0216893664614452	0.0184365047770701	0.0209474291035675	0.0202094766713661	0.0226681187040566	0.017652256039972	0.0195529631723605	0.0188039297971291	0.0209629852898589	0.0180214678747747
Biosynthesis_of_unsaturated_fatty_acids	0	0	7.63747454175153e-05	0.000674369464550645	0.000918845845126949	0	5.30565901590637e-06	8.4507280302198e-06	0	8.84900935340289e-06	4.2124773579342e-06	9.06638863074866e-06	4.28752116963578e-06	8.2337732912862e-06	0	0	5.64490180693307e-06	4.83174780423905e-05	0	0	0	5.54311434336267e-06	6.05074151837308e-06	0	0	0	0	0	0
Linoleic_acid_metabolism	0	0	0	0.000224789821516882	0.00030628194837565	0	0	0	0	0	0	0	0	0	0	0	0	0	0	0	0	0	0	0	0	0	0	0	0
Cysteine_and_methionine_metabolism	0.00564070798792783	0.00561797752808989	0.00557535641547862	0.00592321179696983	0.00604114739554729	0.00563776398797621	0.00738017169112575	0.00649860985523903	0.00655548445701347	0.00658366295893175	0.00672311386326298	0.00673632675264625	0.00667995798229254	0.00646351203365967	0.00777670455952646	0.00779464204077901	0.00784076860983003	0.00774153370412524	0.00730988618853235	0.00767751309201518	0.00804886544585987	0.00772710139464757	0.00778730433414615	0.00747617751157092	0.00830515187520946	0.0079935961666564	0.00791018263553949	0.00773626945148727	0.0083420720858715
Sulfur_relay_system	0.000935724923231019	0.000936329588014981	0.000992871690427699	0.0021917007597896	0.00264036162392801	0.00092887644653155	0.000981546917942678	0.000625353874236265	0.000756229947600872	0.000699071738918828	0.000690846286701209	0.000720777896144518	0.000686003387141724	0.000675169409885468	0.00135596998291106	0.00124577123525647	0.00129268251378767	0.00109519616896085	0.000978616420210321	0.00120728762713105	0.00124402866242038	0.00110307975432917	0.00124040201126648	0.000991015518649605	0.00134052341346007	0.00115873557878002	0.00137968301782665	0.00110518135021247	0.00117825876919089
Drug_metabolism_-_other_enzymes	0	0	2.54582484725051e-05	0.000449579643033763	0.000612563896751299	3.87031852721479e-05	0.000801154511401861	0.0012380316564272	0.00117685488887	0.00124771031882981	0.00120476852436918	0.00109703302432059	0.00126910626621219	0.00134210504647965	0.000513906431879535	0.00053145286641675	0.000491106457203177	0.000579809736508686	0.00086507528858371	0.000475598156142533	0.000348328025477707	0.000598656349083169	0.0006292771179108	0.000740539068881024	0.000316850988636017	0.000464613782795855	0.00037941282990233	0.000591006069632335	0.000288673398451768
One_carbon_pool_by_folate	0.00187144984646204	0.00187265917602996	0.00180753564154786	0.00168592366137661	0.00160533986734823	0.0018577528930631	0.00123091289169028	0.00120000338029121	0.00123502642330083	0.0012123142814162	0.00123004338851679	0.00125569482535869	0.00119621840632838	0.00117742958065393	0.00116402902642594	0.00128005851696078	0.00129268251378767	0.00127236025511628	0.00124895244789273	0.00134839916796454	0.00138087181528662	0.00138577858584067	0.0013251123925237	0.00131227879117887	0.00131615026048807	0.00138264583554911	0.0013854316970676	0.00127066304970952	0.00140212793533716
Glycerolipid_metabolism	0.0102929741555412	0.0102996254681648	0.0100178207739308	0.00830598390504878	0.00761480292340839	0.0101660366648175	0.0052472967667314	0.00514226800638875	0.00513251923016686	0.00511472740626687	0.00540882092758751	0.00538090165234933	0.00513216284005402	0.00505965368749537	0.00515144760631052	0.00540596141537899	0.00550377926175974	0.00554040414886078	0.00533102646589711	0.00561310351315473	0.00503209593949045	0.00556528680073613	0.00517943473972735	0.00534712768853798	0.00555707887761631	0.00559775641922717	0.00552448075054756	0.0050117314704822	0.00578525055672727
Biotin_metabolism	0.000935724923231019	0.000936329588014981	0.000967413441955193	0.00196691093827271	0.00233407967555236	0.000941777508288932	0.00240346353420558	0.00114084828407967	0.00120370328937654	0.00117691824400258	0.00120055604701125	0.0012012964935742	0.00117906832164984	0.00114861137413442	0.00380166926715704	0.0030915699003383	0.00320630422633798	0.0025608263362467	0.00226000919142494	0.00263930844892285	0.00276796377388535	0.00231147868118224	0.00289225444578233	0.00229240402940376	0.00340005483959419	0.00254138141432914	0.00304679999770053	0.00259451664568595	0.00289262527836363
Lipopolysaccharide_biosynthesis	0.000935724923231019	0.000936329588014981	0.00117107942973523	0.00354043968889089	0.00447805331418191	0.000967579631803697	0.0039208820127548	0.00182113189051237	0.00174067129950733	0.00171228330988346	0.00171447828467922	0.00166821550805775	0.00177503376422921	0.00184024833060247	0.00583872006340243	0.00471450123434214	0.00484332575034857	0.00412309145961733	0.00376848422589278	0.00376820077559084	0.00390625	0.00399658544156449	0.00469537541825751	0.00405662945820855	0.00496602991804527	0.00424869712219342	0.00405856754410674	0.00393610042375135	0.00413568827986002
Taurine_and_hypotaurine_metabolism	0	0	5.09164969450102e-05	0.000224789821516882	0.00030628194837565	0	0.000106113180318127	0.000114084828407967	0.000107393602026159	9.73391028874318e-05	7.16121150848814e-05	9.97302749382352e-05	8.14629022230797e-05	7.82208462672189e-05	6.19164375758476e-05	7.42891103593307e-05	8.4673527103996e-05	0.000128846608113041	6.48806466437782e-05	9.40743605556659e-05	0.000167943869426752	0.000110862286867253	9.07611227755961e-05	0.000103457664034849	9.74926118880054e-05	8.39663462884076e-05	8.04815093732215e-05	0.00015957163880073	0.000117825876919089
Starch_and_sucrose_metabolism	0.0103061533798121	0.0102996254681648	0.010030549898167	0.00691228701164411	0.00576654978665878	0.0103079483441487	0.0112851367268328	0.0115225676692047	0.0117103773542691	0.0115214101781306	0.01152112557395	0.0116321766132505	0.0116792076660879	0.0116672567537525	0.0111759169824405	0.0113262320563226	0.0115607589005989	0.0109519616896085	0.0115541618231462	0.0114091293940566	0.0110780752388535	0.0114853329194475	0.0112846329317658	0.011162537435339	0.0111933705023916	0.0110723621972313	0.011577839991262	0.0112113851409254	0.0108046329134805
N-Glycan_biosynthesis	0	0	0	0	0	1.29010617573826e-05	0.000509343265527011	0.000392958853405221	0.000407200741015854	0.000380507402196324	0.000336998188634736	0.000362655545229946	0.000364439299419041	0.000386987344690451	0.000631547663273646	0.00053145286641675	0.000530620769851708	0.000467068954409775	0.000492011570381985	0.000454692742685718	0.00042296974522293	0.000471164719185827	0.000526414512098458	0.000506398039749524	0.000511836212412028	0.00047580929563431	0.000436899622311774	0.000478714916402191	0.000459520919984447
RNA_transport	0.00374289969292407	0.00374531835205993	0.00362780040733198	0.00336060783167738	0.00321067973469646	0.00370260472436882	0.00232918430798289	0.00247183794883929	0.00250585071394372	0.00249984514233632	0.00242217448081217	0.002506856456402	0.00251248740540656	0.002503067080551	0.00218565024642742	0.00225724604553351	0.00226925052638709	0.00223334120729272	0.00235733016139061	0.00231004818697802	0.00225791202229299	0.00230039245249551	0.00225692658635316	0.00221617206643071	0.00220577034396612	0.00221111378559473	0.00224198490396831	0.00239357458201096	0.0022504742491546
Thiamine_metabolism	0.00467862461615509	0.00468164794007491	0.00463340122199593	0.00508024996628153	0.00523847746187318	0.0046830854179299	0.00613334182238776	0.00538733911926512	0.00575003244181728	0.00563239445344094	0.00554783268039934	0.00569369206011016	0.0055008896606427	0.00540547216572939	0.00681699977710082	0.00666887629148761	0.00672872295386422	0.0062973779715249	0.00612581438728339	0.0068569756138352	0.00663067277070064	0.00633577969446354	0.00656505454743479	0.00607677647699428	0.00697072174999238	0.00657736379259193	0.00715135697573482	0.0063533152485476	0.00688692250592075
Zeatin_biosynthesis	0.000935724923231019	0.000936329588014981	0.000903767820773931	0.000842961830688306	0.000802669933674116	0.00092887644653155	0.000684430013051921	0.000561973414009617	0.000577240610890606	0.000570761103294486	0.00058132187539492	0.000580248872367914	0.000574527836731194	0.000564013470453105	0.000786338757213265	0.000765749291396178	0.000778996449356763	0.000714024953293105	0.000686653510313319	0.000731689470988513	0.000802398487261147	0.000742777322010598	0.000762393431315008	0.0007024230873945	0.000810407336319045	0.000766892629434123	0.000810563772973159	0.000732847526344096	0.000771759493820033
Ether_lipid_metabolism	0	0	0	0	0	0	5.30565901590637e-06	0	0	0	4.2124773579342e-06	1.81327772614973e-05	0	0	0	5.71454695071775e-06	1.12898036138661e-05	5.36860867137673e-06	0	1.04527067284073e-05	0	0	0	5.44514021236047e-06	1.21865764860007e-05	0	0	0	0
RNA_degradation	0.00748579938584815	0.00749063670411985	0.00733197556008147	0.0069347659937958	0.00672764141776858	0.00736650626346548	0.00470081388809304	0.00352817895261677	0.00366033193572493	0.00363251833957188	0.0035469059353806	0.00360388948072259	0.00354578000728879	0.00351170430873356	0.00569631225697798	0.0052802413824632	0.00531749750213095	0.0049122769343097	0.00467681327890568	0.00510092088346277	0.00546750597133758	0.00496663045165296	0.0053488555022418	0.00480261366730193	0.0055448923011303	0.00525069552123509	0.00532902565635545	0.00513584274510499	0.00547301198289168
Peptidoglycan_biosynthesis	0.00840834508480831	0.00842696629213483	0.00828665987780041	0.00845209728903475	0.00844915719656964	0.00838569014229871	0.00725814153375991	0.00690424480068958	0.0069447862643583	0.00698186837983488	0.00718648637263575	0.00704005077177633	0.00710013505691684	0.00702752550411277	0.00738043935904104	0.00754891652189814	0.00768271135923591	0.00744626022719952	0.00748830796680274	0.00720714128923685	0.00760723527070064	0.00765504090818385	0.00755737615644797	0.00748706779199564	0.00778722237455443	0.00761294873014896	0.0077952090507206	0.00735211550622625	0.00767635588127865
Selenocompound_metabolism	0.00280717476969306	0.00280898876404494	0.00269857433808554	0.00206806635795531	0.00179544590427105	0.00277372827783727	0.00221245980963295	0.00198592108710165	0.00195993323697741	0.00196005557177874	0.00197565188087114	0.00197647272150321	0.00196797221686282	0.00198433936319997	0.00240854942170047	0.00230867696808997	0.00226925052638709	0.00222260398994996	0.00216809494201292	0.00226823736006439	0.00236987460191083	0.00225604753774861	0.00234163696761038	0.00223250748706779	0.00232154282058313	0.00227268910620623	0.00219024679079981	0.00231674379295875	0.00236240883222773
Penicillin_and_cephalosporin_biosynthesis	0	0	1.27291242362525e-05	0	0	0	3.71396131113446e-05	3.38029121208792e-05	5.36968010130796e-05	3.53960374136115e-05	2.1062386789671e-05	4.98651374691176e-05	3.8587690526722e-05	3.29350931651448e-05	1.85749312727543e-05	1.14290939014355e-05	1.69347054207992e-05	2.68430433568836e-05	3.24403233218891e-05	1.5679060092611e-05	1.86604299363057e-05	0	6.05074151837308e-06	1.08902804247209e-05	3.04664412150017e-05	1.11955128384543e-05	5.74867924094439e-06	1.18201213926467e-05	1.76738815378633e-05
Fluorobenzoate_degradation	0	0	1.27291242362525e-05	0	0	0	0	0	0	0	0	0	0	0	0	0	0	1.07372173427535e-05	0	0	0	0	0	0	0	0	0	0	0
Aminobenzoate_degradation	0.000935724923231019	0.000936329588014981	0.0010183299389002	0.000831722339612462	0.000802669933674116	0.000915975384774167	0.000238754655715786	0.000354930577269232	0.000340079739749504	0.000353960374136115	0.000320148279202999	0.000317323602076203	0.000330139130061955	0.000354052251525306	0.000160982737697204	0.000171436408521532	0.000163702152401059	0.000273799042240213	0.000232488983806872	0.000182922367747128	9.95222929936306e-05	0.000205095230704419	0.000175471504032819	0.000239586169343861	9.74926118880054e-05	0.000156737179738361	0.000126470943300777	0.000171391760193377	0.000129608464610998
Steroid_hormone_biosynthesis	0	0	1.27291242362525e-05	0	0	1.29010617573826e-05	0.000254671632763506	0.000304226209087913	0.000286382938736425	0.000300866318015698	0.00029066093769746	0.000262925270291711	0.00030441400304414	0.000325234045005805	0.000222899175273051	0.000257154612782299	0.000225796072277323	0.000241587390211953	0.000270336027682409	0.000245638608117572	0.000236365445859873	0.000349216203631849	0.000320689300473773	0.000315818132316907	0.000231544953234013	0.000302278846638267	0.000258690565842498	0.000236402427852934	0.000170847521532679
Sphingolipid_metabolism	0	0	0	0	0	3.87031852721479e-05	0.00106643746219718	0.0012802852965783	0.00115448122178121	0.0012388613094764	0.00122583091115885	0.00111516580158208	0.00130340643556928	0.00135033881977094	0.00102162122000149	0.000965758434671299	0.000937053699950889	0.00093413790881955	0.00106512394906869	0.000789179357994753	0.000665555334394904	0.000936786324028292	0.000992321609013185	0.00104002178056085	0.000816500624562045	0.000873250001399439	0.000787569056009382	0.000886509104448503	0.000724629143052397
Mismatch_repair	0.00467862461615509	0.00468164794007491	0.00453156822810591	0.00396754034977296	0.00370706771999493	0.00465728329441513	0.00380415751440486	0.0033718404840577	0.00348581733243242	0.00345111364782713	0.00348793125236952	0.00349509281715361	0.00340857932986044	0.00335526261619913	0.00414840131758179	0.00410875925756606	0.00416029263170967	0.00388150406940537	0.00385499175475116	0.00401906573707262	0.00437898089171975	0.0039356111837875	0.00407214904186508	0.00387693983120065	0.00427748834658623	0.00413674199380888	0.00438049358159963	0.00407794188046311	0.00421816639370338
Base_excision_repair	0.00747262016157729	0.00749063670411985	0.00731924643584521	0.00672121566335476	0.00642135946939293	0.0074310115722524	0.0050828213372383	0.00466057650866622	0.00474769215623979	0.00472537099471714	0.00480643666540292	0.00482785194587366	0.0047334233712779	0.00471383520926135	0.00533100527528048	0.00532024321111822	0.00539088122562108	0.00516997015053579	0.00508772404098294	0.00521067430411105	0.00526224124203822	0.00535464845568834	0.00539121069287041	0.00524367002450313	0.0055022392834293	0.00536824840603886	0.00550723471282473	0.00489353025655574	0.00541409904443214
Homologous_recombination	0.00842152430907917	0.00842696629213483	0.00817209775967413	0.0082610259407454	0.00814287524819399	0.00835988801878395	0.00682307749445559	0.00566621314426238	0.00584400184359017	0.00576070508906528	0.00589325582374995	0.005897685804302	0.00582674126953502	0.00571835555079826	0.00767763825940511	0.00751462924019384	0.0077165807700775	0.00710803788090278	0.00695844935254521	0.00720191493587264	0.00800532444267516	0.00732245404758209	0.00752107170733773	0.00704056629458209	0.00790908813941443	0.00750659135818364	0.00785269584313004	0.0073402953848336	0.00784131210896537
Apoptosis	0.000935724923231019	0.000936329588014981	0.000891038696537678	0.000842961830688306	0.000802669933674116	0.000915975384774167	3.18339540954382e-05	0	0	0	0	0	0	0	1.23832875151695e-05	3.42872817043065e-05	2.25796072277323e-05	4.29488693710138e-05	4.32537644291855e-05	3.1358120185222e-05	4.35410031847134e-05	8.31467151504401e-05	6.05074151837308e-05	5.98965423359651e-05	3.04664412150017e-05	8.95641027076348e-05	2.29947169637776e-05	3.54603641779401e-05	4.71303507676356e-05
Other_glycan_degradation	0	0	0	0	0	0.000141911679331209	0.00456286675367947	0.00542536739540111	0.00512804449674911	0.00538462219154566	0.00529929651628122	0.00491398263786577	0.00560379016871396	0.0058459790368132	0.00421031775515764	0.00397161013074883	0.00388933734497688	0.00379023772199197	0.00469844016112027	0.00339712968673238	0.00287370621019108	0.00399658544156449	0.00424156980437953	0.00438878301116254	0.00336349511013619	0.00350419551843621	0.00325375245037453	0.00375288854216533	0.00283371233990409
Glycosaminoglycan_degradation	0	0	0	0	0	0	0.000238754655715786	8.4507280302198e-06	0	8.84900935340289e-06	4.2124773579342e-06	9.06638863074866e-06	1.28625635089073e-05	8.2337732912862e-06	0.000513906431879535	0.000394303739599525	0.000400788028292248	0.000284536259582967	0.000189235219377686	0.000292675788395405	0.000366988455414013	0.000271612602824771	0.000375145974139131	0.000261366730193302	0.000456996618225025	0.000352658654411312	0.000419653584588941	0.000283682913423521	0.000335803749219404
Biosynthesis_of_siderophore_group_nonribosomal_peptides	0	0	2.54582484725051e-05	0	0	0	0	0	0	0	0	0	0	0	0	0	0	2.14744346855069e-05	0	0	6.22014331210191e-06	0	0	0	0	0	0	0	0
Protein_digestion_and_absorption	0	0	0	0	0	0	0.000244060314731693	0	0	0	0	0	0	0	0.000476756569334027	0.000365731004845936	0.000372563519257583	0.000273799042240213	0.000227082263253224	0.000276996728302794	0.000329667595541401	0.000288241945854859	0.000369095232620758	0.000266811870405663	0.000414343600524023	0.000330267628734403	0.000333423395974775	0.000289592974119844	0.00031812986768154
Cell_cycle_-_Caulobacter	0.00749897861011901	0.00749063670411985	0.00735743380855397	0.00673245515443061	0.00642135946939293	0.00740520944873763	0.00586805887159244	0.00531973329502337	0.00535178116763694	0.00530940561204173	0.00520240953704874	0.0053854348466647	0.00522648830578601	0.0051872771735103	0.00648265101419125	0.00624028527018378	0.00622632669304717	0.00596989284257092	0.00585007163904734	0.00616187061639612	0.00604597929936306	0.00588678743265116	0.0060446907768547	0.00579362918595154	0.00629436675501935	0.00615753206114989	0.00624306565566561	0.00597507136398291	0.00632135829670912
Chagas_disease_American_trypanosomiasis	0	0	1.27291242362525e-05	0	0	0	0	0	0	0	0	0	0	0	0	0	0	1.07372173427535e-05	0	0	0	0	0	0	0	0	0	0	0
Cationic_antimicrobial_peptide_CAMP_resistance	0.000948904147501878	0.000936329588014981	0.00109470468431772	0.00105651216112934	0.00110895188204977	0.000941777508288932	0.00118846761956303	0.00116620046817033	0.00117238015545224	0.00115479572061908	0.0011457938413581	0.00122396246515107	0.00118764336398911	0.00114037760084314	0.00114545409515318	0.00125148578220719	0.00121365388849061	0.00137436381987244	0.00117325836014166	0.0012856829275941	0.00123780851910828	0.00126383007028669	0.00117989459608275	0.0011979308467193	0.00126740395454407	0.00134346154061452	0.00129345282921249	0.00120565238204996	0.00134910629072357
Primary_bile_acid_biosynthesis	0.000935724923231019	0.000936329588014981	0.000903767820773931	0.000831722339612462	0.000802669933674116	0.000915975384774167	0.000615456445845138	0.000485916861737639	0.000483271209117717	0.000482271009760457	0.000480222418804499	0.000525850540583422	0.000505927498017021	0.000498143284122815	0.000742997250910172	0.000697174727987565	0.000739482136708232	0.000644233040565207	0.000610959422562245	0.000663746877253865	0.000547372611464968	0.000648544378173433	0.000671632308539411	0.000626191124421454	0.000712914724431039	0.000699719552403397	0.000695590188154272	0.000561455766150718	0.000648042323054989
Chloroalkane_and_chloroalkene_degradation	0.000935724923231019	0.000936329588014981	0.000929226069246436	0.000606932518095581	0.000496387985298466	0.000915975384774167	0.000265282950795318	0.000392958853405221	0.000366928140256044	0.000362809383489518	0.000374910484856144	0.000353589156599198	0.000360151778249405	0.000378753571399165	0.000179557668969958	0.00017715095547225	0.000174991956014925	0.000225481564197822	0.000259522586575113	0.00021428048793235	0.000242585589171975	0.000210638345047782	0.000181522245551192	0.000255921589980942	0.000121865764860007	0.000167932692576815	0.000137968301782665	0.000271862792030874	0.000153173639994816
beta-Alanine_metabolism	0	0	2.54582484725051e-05	0.000449579643033763	0.000612563896751299	0	0.000519954583558824	1.69014560604396e-05	0.000134242002532699	7.9641084180626e-05	3.36998188634736e-05	9.51970806228609e-05	6.86003387141724e-05	5.76364130390034e-05	0.000959704782425638	0.000754320197494743	0.00077335154754983	0.000569072519165933	0.000470384688167392	0.000637615110432847	0.000634454617834395	0.000576483891709718	0.000762393431315008	0.000522733460386605	0.000816500624562045	0.000621350962534216	0.000684092829672383	0.000620556373113952	0.000642151029209035
Ascorbate_and_aldarate_metabolism	0	0	3.81873727087576e-05	0	0	3.87031852721479e-05	0.00101338087203812	0.00143662376513737	0.00122160222304756	0.00128753086092012	0.00131429293567547	0.00130555996282781	0.00126910626621219	0.00127211797350372	0.000773955469698095	0.000857182042607662	0.00079028625297063	0.00107909034294672	0.00095158281744208	0.00104004431947653	0.000497611464968153	0.000881355180594665	0.000671632308539411	0.00101824121971141	0.000682448283216038	0.00106357371965316	0.000764574339045604	0.000750577708433066	0.00096617219073653
D-Alanine_metabolism	0.00374289969292407	0.00374531835205993	0.00361507128309572	0.00289978869756777	0.00259811583794516	0.00370260472436882	0.00163944863591507	0.00152535640945467	0.00153930829570828	0.0015397276274921	0.00155440414507772	0.00154128606722727	0.00155208266340815	0.00152736494553359	0.00167174381454789	0.0016743622565603	0.00166524603304526	0.00163205703609852	0.00161660944554081	0.00155222694916849	0.00190958399681529	0.00160750315957518	0.00168815688362609	0.0016389872039205	0.00171830728452609	0.00170171795144506	0.00170160905531954	0.00182029869446759	0.00168491003994297
D-Glutamine_and_D-glutamate_metabolism	0.00280717476969306	0.00280898876404494	0.00271130346232179	0.00252888549206492	0.00240800980102235	0.00278662933959465	0.00201084476702851	0.00166056805793819	0.00169144923191201	0.00168131177714655	0.00169762837524748	0.00170448106258075	0.00171929598902395	0.00167968975142238	0.00227233325903361	0.0021886714821249	0.00221280150831776	0.00208838877316555	0.00200589332540348	0.00207486228558885	0.00222681130573248	0.00210084033613445	0.00216616546357756	0.00202559215899809	0.00230935624409713	0.00219991827275628	0.00221899018700454	0.00212171178998008	0.00222690907377078
Phosphonate_and_phosphinate_metabolism	0.000935724923231019	0.000936329588014981	0.000967413441955193	0.00106775165220519	0.00110895188204977	0.000954678570046315	0.00140069398019928	0.00124225702044231	0.00119475382254102	0.00120788977673949	0.00123846834323266	0.0012012964935742	0.00130769395673891	0.00128446863344065	0.00151076107685068	0.00145149492548231	0.00149589897883726	0.00143878712392896	0.00136790030007299	0.00122296668722366	0.00109474522292994	0.00141903727190084	0.0014158735152993	0.00141573645521372	0.00150504219602108	0.00138824359196834	0.00131644754617627	0.00120565238204996	0.00133143240918571
Aminoacyl-tRNA_biosynthesis	0.0243288480040065	0.0243445692883895	0.0235616089613035	0.0218608101425167	0.020869418275527	0.0241120844245481	0.0160496185231168	0.0150465212578064	0.015370709289994	0.015220296087853	0.0153923922658916	0.0153131303973345	0.0153278881814479	0.0152283637022338	0.0166864799266909	0.0168064825820609	0.0171266320822349	0.0161273004488157	0.0164959044091806	0.0164264286236921	0.0173417595541401	0.0167845502317022	0.0169602284759997	0.0163735366185679	0.0169454346037839	0.0167260961806508	0.017269032439797	0.0165422598890091	0.0172850561440304
Non-homologous_end-joining	0	0	2.54582484725051e-05	0	0	0	0.000164475429493097	0.000118310192423077	9.8444135190646e-05	7.07920748272231e-05	0.000101099456590421	0.00013599582946123	0.000145775719767616	0.000123506599369293	0.000117641231394111	0.000165721861570815	0.000242730777698122	0.000273799042240213	0.000145981454948501	0.000198601427839739	5.59812898089172e-05	0.000315957517571672	0.000151268537959327	0.0002341410291315	0.000231544953234013	0.00021831250034986	0.00014371698102361	7.09207283558802e-05	0.00026510822306795
DNA_replication	0.00655007446261713	0.00655430711610487	0.00633910386965377	0.00566470350222542	0.00531240758734316	0.00648923406396346	0.00463714597990216	0.00382817979768957	0.00372745293699128	0.00383604555470015	0.00391339146552087	0.00384414877943743	0.00376444358694021	0.00365167845468543	0.00536815513782599	0.00526309774161104	0.00525540358225469	0.00493375136899521	0.00464437295558379	0.00511659994355538	0.0058718152866242	0.00495554422296623	0.00521573918883759	0.00477538796624013	0.0055022392834293	0.00538504167529654	0.00549573735434284	0.00537224517295793	0.0057557940874975
ABC_transporters	0.0290733687415159	0.0290262172284644	0.0307535641547861	0.0293013532347255	0.0294875586160281	0.0294273218685898	0.0409384649667335	0.048405770157099	0.0475037699629045	0.0475634252745405	0.0481781035426935	0.0485913098664974	0.0461465903487898	0.0467184296547579	0.0346174802486564	0.0366016732193472	0.0360314082336538	0.0401249812098697	0.040188153875267	0.0412672861637521	0.037656747611465	0.0382086871687989	0.0354754975222214	0.0399945548597876	0.0353166986564299	0.0380255593558102	0.0368605312929354	0.0385986064076878	0.0376983893202625
Flagellar_assembly	0	0	0.000356415478615071	0	0	0.000438636099751009	0.00955549188764736	0.0135549677604726	0.014323621670239	0.0137469360305114	0.0135009899321791	0.0126702781114712	0.0132398653718353	0.0138944924290455	0.00643311786413057	0.00692603090426991	0.00677952707012662	0.00746236605321365	0.00943472736611608	0.0078499827530339	0.00515027866242038	0.00768275647990067	0.00752712244885611	0.00891913966784645	0.00498430978277427	0.00623590065101907	0.00626606037262939	0.00757078775199021	0.00464823084445806
Bacterial_chemotaxis	0	0	8.91038696537678e-05	0	0	0.000141911679331209	0.00318339540954382	0.00419578646700413	0.00442998608357907	0.00422540196624988	0.00420405240321833	0.00391667988848342	0.00400025725127018	0.00418687371861903	0.00243331599673081	0.00249725701746366	0.00246117718782282	0.0025608263362467	0.00310345759779406	0.00266021386237966	0.00190958399681529	0.00253874636926011	0.00256551440379018	0.0029893819765859	0.00195594552600311	0.00226149359336778	0.00232821509258248	0.00257678646359698	0.00180273591686206
Bacterial_secretion_system	1.31792242708594e-05	0	0.000789205702647658	0.00202310839365194	0.00275653753538085	3.87031852721479e-05	0.00148027886543788	0.00147042667725825	0.00143191469368212	0.00140256798251436	0.0016260162601626	0.00155035245585802	0.00154350762106888	0.00142855966603816	0.00128167025782005	0.00153721312974307	0.00164831132762446	0.00203470268645178	0.0015030683139142	0.00154177424244008	0.001953125	0.00174053790381588	0.00147033018896466	0.00155186496052273	0.0017792401669561	0.00165133814367202	0.00166711697987387	0.00177301820889701	0.00173793168455656
beta-Lactam_resistance	0	0	6.36456211812627e-05	0.000449579643033763	0.000612563896751299	0	0.000748097921242798	4.2253640151099e-05	4.47473341775664e-06	2.65470280602087e-05	3.79122962214078e-05	6.79979147306149e-05	1.71500846785431e-05	1.23506599369293e-05	0.00141169477672933	0.00110862210843924	0.00110075585235195	0.000875083213434406	0.000697466951420616	0.000862348305093604	0.000939241640127389	0.000831467151504401	0.00106493050723366	0.000778655050367547	0.00123084422508607	0.000985205129783983	0.000971526791719602	0.000874688983055856	0.00100151995381226
Phosphotransferase_system_PTS	0.00467862461615509	0.00468164794007491	0.00449338085539715	0.00304590208155375	0.00248193992649233	0.0046056790473856	0.001416610957247	0.00173662461021017	0.00166907556482323	0.0015220296087853	0.00139011752811829	0.00177701217162674	0.00153064505755997	0.00146561164584894	0.00110830423260767	0.00130863125171436	0.00119671918306981	0.00156226512337063	0.00129220621232192	0.00189716627120593	0.00156125597133758	0.00134143367109377	0.000998372350531558	0.00135583991287776	0.00119428449562807	0.00168492468218738	0.00158663547050065	0.00129430329249481	0.00177917074147824
Ribosome	0.050529145854475	0.050561797752809	0.0487780040733198	0.0455086993660927	0.0433441764184023	0.0501206249274315	0.0354046626131432	0.0289986732356993	0.0295242910903583	0.0293964090720044	0.0297906398753107	0.0298374849837938	0.0298325722983257	0.0292134276374834	0.040319984149392	0.0392703666453324	0.0398304271497197	0.0367320205295596	0.0361114865778162	0.0370966561791176	0.0409223228503185	0.037720893106583	0.0395536973056048	0.0363190852164443	0.0411540687932243	0.0391451106396556	0.0400912890263462	0.0378007482136842	0.0412037091586054
Protein_export	0.0112286990787722	0.0112359550561798	0.0108706720977597	0.0114418019152093	0.0114697308943433	0.0111465173583786	0.00927429195980433	0.00763100741128848	0.00767864254487039	0.00769863813746051	0.00770462108766165	0.0077880278338131	0.00782901365575493	0.00770681180064388	0.0106434356192882	0.0101204626497211	0.0103188805030736	0.00962591534777847	0.00942932064556243	0.00969488549059779	0.010132613455414	0.00978913993037848	0.0101833979754219	0.00956711135311734	0.0106754410017366	0.0101543301444781	0.0102901358412905	0.00952110778177692	0.0107221547996371
Vibrio_cholerae_pathogenic_cycle	0	0	1.27291242362525e-05	0	0	0	0	0	0	0	0	0	0	0	0	0	0	1.07372173427535e-05	0	0	0	0	0	0	0	0	0	0	0
Caprolactam_degradation	0	0	5.09164969450102e-05	0.000224789821516882	0.00030628194837565	0	0	0	0	0	0	0	0	0	0	0	0	2.68430433568836e-05	0	0	0	0	0	0	0	0	0	0	0
Atrazine_degradation	0	0	1.27291242362525e-05	0	0	0	0.000111418839334034	0.000126760920453297	0.000125292535697186	0.000110612616917536	0.000126374320738026	0.000145062218091979	8.57504233927155e-05	8.2337732912862e-05	8.04913688486019e-05	8.00036573100485e-05	7.9028625297063e-05	0.000123477999441665	7.02873671974264e-05	0.000135885187469295	0.000186604299363057	8.86898294938028e-05	7.26088982204769e-05	0.00011434794445957	0.000115772476617006	0.000100759615546089	7.47328301322771e-05	0.000153661578104407	0.00010604328922718
Legionellosis	0.000935724923231019	0.000936329588014981	0.000903767820773931	0.000842961830688306	0.000802669933674116	0.00092887644653155	0.000663207376988296	0.000536621229918958	0.000541442743548553	0.000544214075234277	0.000539197101815578	0.000539450123529545	0.000574527836731194	0.000559896583807461	0.000755380538425341	0.000720032915790436	0.000722547431287433	0.000697919127278974	0.000665026628098727	0.000684652290710679	0.000733976910828026	0.000715061750293785	0.000750291948278262	0.000686087666757419	0.000767754318618042	0.000727708334499533	0.000701338867395216	0.000691477101469832	0.000777650787665987
Lipoic_acid_metabolism	0.000935724923231019	0.000936329588014981	0.000916496945010183	0.00105651216112934	0.00110895188204977	0.00092887644653155	0.000838294124513206	0.00043098712954121	0.000402726007598097	0.000389356411549727	0.000417035258435486	0.000426120265645187	0.000454477243981392	0.000440506871083812	0.0011392624513956	0.000982902075523452	0.00100479252163409	0.00090192625679129	0.000789381200832635	0.000789179357994753	0.000926801353503185	0.000897984523624753	0.00100442309204993	0.000893002994827117	0.00107241873076806	0.000962814104107074	0.000868050565382603	0.000880599043752179	0.000942607015352712
Nucleotide_excision_repair	0.00561434953938611	0.00561797752808989	0.00546079429735234	0.00481050218046127	0.00450973765366905	0.00556035761743191	0.00435594605205913	0.00377747542950825	0.00383932127243519	0.00380507402196324	0.00382071696364632	0.00387134794532968	0.00383304392565438	0.00376695128076344	0.00479852391212819	0.00474307396909573	0.00474736241963071	0.0044988940666137	0.00441729069233057	0.0045730591936782	0.00493257364649682	0.00458969867630429	0.00470747690129425	0.00444323441328614	0.00489900374737227	0.00475249519992387	0.00484038792087518	0.00465121776800648	0.00494279553675578
Ribosome_biogenesis_in_eukaryotes	0.000935724923231019	0.000936329588014981	0.000929226069246436	0.00106775165220519	0.00110895188204977	0.00092887644653155	0.000673818695020108	0.000561973414009617	0.000577240610890606	0.000570761103294486	0.00058132187539492	0.000580248872367914	0.000574527836731194	0.000564013470453105	0.000761572182182926	0.000748605650544025	0.000762061743935964	0.000719393561964481	0.000692060230866968	0.000716010410895902	0.000783738057324841	0.000720604864637148	0.000750291948278262	0.000691532806969779	0.000779940895104043	0.000744501603757214	0.000776071697527493	0.000721027404951449	0.000783542081511942
Protein_processing_in_endoplasmic_reticulum	0.000935724923231019	0.000936329588014981	0.000941955193482688	0.000831722339612462	0.000802669933674116	0.00092887644653155	0.000981546917942678	0.000595776326130496	0.000608563744814903	0.000597308131354695	0.000619234171616328	0.000616514426890909	0.000647415696615002	0.000613416110200822	0.00126309532654729	0.00115433848404498	0.00120800898668368	0.00107909034294672	0.000962396258549377	0.000998233492562899	0.00123780851910828	0.00110862286867254	0.00116174237152763	0.00101279607949905	0.00128568381927307	0.00114194230952234	0.00114973584818888	0.00114655177508673	0.00117236747534494
Streptomycin_biosynthesis	0	0	1.27291242362525e-05	0	0	0	0	0	0	0	0	0	0	0	0	0	0	1.07372173427535e-05	0	0	0	0	0	0	0	0	0	0	0
FoxO_signaling_pathway	0	0	3.81873727087576e-05	0.000224789821516882	0.00030628194837565	0	0.000355479154065727	0.000126760920453297	0.000125292535697186	0.000110612616917536	0.000134799275453894	0.000140529023776604	9.4325465731987e-05	9.46883928497913e-05	0.000544864650667459	0.000445734662155984	0.000457237046361579	0.000413382867696008	0.000313589792111595	0.000386750148951071	0.000404309315286624	0.000376931775348662	0.000453805613877981	0.000397495235502314	0.000499649635926027	0.000464613782795855	0.000425402263829885	0.000336873459690431	0.000471303507676356
Peroxisome	0	0	0	0.000224789821516882	0.00030628194837565	1.29010617573826e-05	0.000275894268827131	0.000397184217420331	0.000340079739749504	0.000362809383489518	0.000345423143350604	0.000344522767968449	0.000351576735910134	0.000362286024816593	0.000191940956485128	0.000217152784127274	0.000186281759628791	0.000236218781540576	0.000254115866021465	0.000256091314845979	0.000111962579617834	0.000243897031107958	0.000193623728587938	0.000250476449768582	0.000146238917832008	0.000207116987511405	0.000155214339505499	0.000206852124371317	0.000200303990762451
Monobactam_biosynthesis	0	0	1.27291242362525e-05	0	0	0	0	0	0	0	0	0	0	0	0	0	0	1.07372173427535e-05	0	0	0	0	0	0	0	0	0	0	0
Bisphenol_degradation	0	0	1.27291242362525e-05	0	0	0	0	0	0	0	0	0	0	0	0	0	0	1.07372173427535e-05	0	0	0	0	0	0	0	0	0	0	0
Salmonella_infection	0	0	5.09164969450102e-05	0.000449579643033763	0.000612563896751299	0	0	0	0	0	0	0	0	0	0	0	0	2.68430433568836e-05	0	0	0	0	0	0	0	0	0	0	0
Nitrotoluene_degradation	0	0	1.27291242362525e-05	0.000449579643033763	0.000612563896751299	0	2.65282950795318e-05	0	0	0	0	0	0	0	1.85749312727543e-05	1.14290939014355e-05	1.69347054207992e-05	3.75802606996371e-05	2.16268822145927e-05	0	1.86604299363057e-05	1.6629343030088e-05	2.42029660734923e-05	2.72257010618023e-05	3.04664412150017e-05	1.67932692576815e-05	2.29947169637776e-05	0	2.35651753838178e-05
Insulin_signaling_pathway	0	0	0	0	0	0	5.836224917497e-05	8.4507280302198e-05	4.9222067595323e-05	7.9641084180626e-05	8.00370698007498e-05	0.000108796663568984	3.43001693570862e-05	3.29350931651448e-05	6.81080813334324e-05	0.000102861845112919	0.000101608232524795	6.97919127278974e-05	7.56940877510746e-05	0.000125432480740888	0.000236365445859873	7.20604864637148e-05	6.65581567021038e-05	5.98965423359651e-05	9.74926118880054e-05	9.5161859126862e-05	0.000166711697987387	0.000189121942282347	0.000129608464610998
Mineral_absorption	0	0	1.27291242362525e-05	0.000224789821516882	0.00030628194837565	0	6.36679081908764e-05	5.07043681813188e-05	7.15957346841062e-05	4.42450467670144e-05	2.1062386789671e-05	4.98651374691176e-05	2.57251270178147e-05	2.47013198738586e-05	5.57247938182629e-05	5.14309225564597e-05	6.20939198762637e-05	6.97919127278974e-05	3.78470438755373e-05	8.88480071914622e-05	3.73208598726115e-05	6.09742577769894e-05	4.23551906286115e-05	6.53416825483256e-05	4.87463059440027e-05	6.15753206114989e-05	5.74867924094439e-05	4.13704248742635e-05	7.06955261514534e-05
Pertussis	0	0	6.36456211812627e-05	0.000449579643033763	0.000612563896751299	0	0	0	0	0	0	0	0	0	0	0	0	3.75802606996371e-05	0	0	0	0	0	0	0	0	0	0	0
Epithelial_cell_signaling_in_Helicobacter_pylori_infection	1.31792242708594e-05	0	5.09164969450102e-05	0.000224789821516882	0.00030628194837565	2.58021235147653e-05	0.00129988645889706	0.00106901709582281	0.00110078442076813	0.00110170166449866	0.00113736888664223	0.00111063260726671	0.00112333054644457	0.00109509184774106	0.00147980285806276	0.00143435128463015	0.00146202956799566	0.00135288938518693	0.00134086669730475	0.00132226740114353	0.00151149482484076	0.00135806301412386	0.00143402573985442	0.00131227879117887	0.00152332206075008	0.00142742788690293	0.00150615396112743	0.00140659444572496	0.00145514957995075
Retinol_metabolism	0	0	1.27291242362525e-05	0	0	0	0	0	0	0	0	0	0	0	0	0	0	1.07372173427535e-05	0	0	0	0	0	0	0	0	0	0	0
Carotenoid_biosynthesis	0	0	1.27291242362525e-05	0	0	0	3.18339540954382e-05	8.4507280302198e-06	0	0	2.94873415055394e-05	1.81327772614973e-05	5.14502540356293e-05	3.29350931651448e-05	1.23832875151695e-05	4.00018286550242e-05	6.77388216831968e-05	8.58977387420276e-05	4.32537644291855e-05	1.5679060092611e-05	0	9.42329438371655e-05	4.23551906286115e-05	5.44514021236047e-05	7.92127471590044e-05	6.15753206114989e-05	2.8743396204722e-05	5.91006069632335e-06	7.06955261514534e-05
Cyanoamino_acid_metabolism	0	0	3.81873727087576e-05	0	0	0	0	0	0	0	0	0	0	0	0	0	0	3.22116520282604e-05	0	0	0	0	0	0	0	0	0	0	0
Staphylococcus_aureus_infection	0	0	0	0	0	0	5.30565901590637e-06	0	0	0	1.26374320738026e-05	9.06638863074866e-06	0	4.1168866456431e-06	0	1.71436408521532e-05	0	1.07372173427535e-05	1.08134411072964e-05	1.5679060092611e-05	0	2.77155717168134e-05	1.21014830367462e-05	0	1.8279864729001e-05	5.59775641922717e-06	5.74867924094439e-06	0	1.76738815378633e-05
Systemic_lupus_erythematosus	0	0	1.27291242362525e-05	0	0	0	0	0	0	0	0	0	0	0	0	0	0	1.07372173427535e-05	0	0	0	0	0	0	0	0	0	0	0
Carbon_fixation_in_photosynthetic_organisms	0	0	0	0	0	1.29010617573826e-05	0.000196309383588536	0.000304226209087913	0.000286382938736425	0.000300866318015698	0.00029066093769746	0.000262925270291711	0.00030441400304414	0.000325234045005805	0.000123832875151695	0.000131434579866508	0.000118542937945594	0.000139583825455795	0.000205455381038631	0.000114979774012481	8.08618630573248e-05	0.000149664087270792	0.000151268537959327	0.000185134767220256	7.3119458916004e-05	0.000111955128384543	8.62301886141659e-05	0.00014184145671176	7.06955261514534e-05
Plant-pathogen_interaction	0	0	1.27291242362525e-05	0	0	0	0	0	0	0	0	0	0	0	0	0	0	1.07372173427535e-05	0	0	0	0	0	0	0	0	0	0	0
Amoebiasis	0	0	0	0	0	1.29010617573826e-05	0.000222837678668067	0.000325353029163462	0.000317706072660721	0.000322988841399205	0.000307510847129197	0.000294657630499331	0.000325851608892319	0.000341701591588377	0.000136216162666865	0.000148578220718661	0.000141122545173327	0.000155689651469925	0.000243302424914168	0.000141111540833499	0.000242585589171975	0.000171836544644243	0.000181522245551192	0.000212360468282058	0.000109679188374006	0.000123150641222998	0.000126470943300777	0.000283682913423521	0.000129608464610998
Biosynthesis_of_type_II_polyketide_products	0	0	1.27291242362525e-05	0	0	0	0	0	0	0	0	0	0	0	0	0	0	1.07372173427535e-05	0	0	0	0	0	0	0	0	0	0	0
African_trypanosomiasis	0	0	1.27291242362525e-05	0	0	0	0	0	0	0	0	0	0	0	0	0	0	1.07372173427535e-05	0	0	6.22014331210191e-06	0	0	0	0	0	0	0	0
